Date,Close,Open,High,Low,Volume,Code,Company,Up&Down,Rate
2005-04-27,23350,23150,23350,23150,29,002070,남영비비안,0.0,0.0
2005-04-28,23800,23800,23800,23800,12,002070,남영비비안,450.0,1.9271948608137044
2005-04-29,23500,23800,23800,22250,383,002070,남영비비안,-300.0,-1.2605042016806722
2005-05-02,23500,23100,23500,23100,70,002070,남영비비안,0.0,0.0
2005-05-03,23900,24000,24000,22950,290,002070,남영비비안,400.0,1.702127659574468
2005-05-04,23800,23850,23850,22800,420,002070,남영비비안,-100.0,-0.41841004184100417
2005-05-06,23800,23800,23800,23800,0,002070,남영비비안,0.0,0.0
2005-05-09,23200,23900,23900,23200,71,002070,남영비비안,-600.0,-2.5210084033613445
2005-05-10,23650,23000,23650,22850,360,002070,남영비비안,450.0,1.9396551724137931
2005-05-11,23650,23650,23650,23650,0,002070,남영비비안,0.0,0.0
2005-05-12,23450,23000,23450,23000,230,002070,남영비비안,-200.0,-0.8456659619450317
2005-05-13,23800,23800,23800,23800,10,002070,남영비비안,350.0,1.4925373134328357
2005-05-16,23100,24250,24250,22400,520,002070,남영비비안,-700.0,-2.941176470588235
2005-05-17,23100,23100,23100,23100,0,002070,남영비비안,0.0,0.0
2005-05-18,23800,23450,23800,23450,30,002070,남영비비안,700.0,3.0303030303030303
2005-05-19,23200,23200,23400,22900,550,002070,남영비비안,-600.0,-2.5210084033613445
2005-05-20,23150,23150,23150,23150,10,002070,남영비비안,-50.0,-0.21551724137931033
2005-05-23,23000,22450,23000,22450,450,002070,남영비비안,-150.0,-0.6479481641468683
2005-05-24,23200,22950,23200,22950,100,002070,남영비비안,200.0,0.8695652173913043
2005-05-25,22550,23000,23200,22550,290,002070,남영비비안,-650.0,-2.8017241379310347
2005-05-26,23200,23150,23200,23150,30,002070,남영비비안,650.0,2.882483370288248
2005-05-27,23400,23650,23650,23400,30,002070,남영비비안,200.0,0.8620689655172413
2005-05-30,23400,22950,23400,22950,20,002070,남영비비안,0.0,0.0
2005-05-31,23400,23400,23400,23400,200,002070,남영비비안,0.0,0.0
2005-06-01,23200,23350,23350,22700,400,002070,남영비비안,-200.0,-0.8547008547008548
2005-06-02,22600,22500,22900,22400,710,002070,남영비비안,-600.0,-2.586206896551724
2005-06-03,23000,22600,23000,22400,240,002070,남영비비안,400.0,1.7699115044247788
2005-06-07,22950,22950,22950,22950,10,002070,남영비비안,-50.0,-0.21739130434782608
2005-06-08,22500,22500,22950,22300,710,002070,남영비비안,-450.0,-1.9607843137254901
2005-06-09,22450,22400,22550,22200,1240,002070,남영비비안,-50.0,-0.2222222222222222
2005-06-10,22450,22250,22450,22100,1880,002070,남영비비안,0.0,0.0
2005-06-13,22150,22050,22500,22050,370,002070,남영비비안,-300.0,-1.3363028953229399
2005-06-14,22150,22200,22200,22150,20,002070,남영비비안,0.0,0.0
2005-06-15,22700,22150,22700,22150,910,002070,남영비비안,550.0,2.4830699774266365
2005-06-16,22500,22500,22500,22500,470,002070,남영비비안,-200.0,-0.881057268722467
2005-06-17,22500,22500,22500,22500,100,002070,남영비비안,0.0,0.0
2005-06-20,22100,22150,22150,21900,1840,002070,남영비비안,-400.0,-1.7777777777777777
2005-06-21,22500,22100,22500,22100,770,002070,남영비비안,400.0,1.809954751131222
2005-06-22,22400,22400,22400,22400,550,002070,남영비비안,-100.0,-0.4444444444444444
2005-06-23,23100,22400,23600,22400,24170,002070,남영비비안,700.0,3.125
2005-06-24,22600,23100,23450,22550,1800,002070,남영비비안,-500.0,-2.1645021645021645
2005-06-27,23250,22800,23250,22800,40,002070,남영비비안,650.0,2.8761061946902653
2005-06-28,23250,23250,23250,23250,100,002070,남영비비안,0.0,0.0
2005-06-29,22500,22900,22900,22500,1180,002070,남영비비안,-750.0,-3.225806451612903
2005-06-30,22800,22200,22800,22150,210,002070,남영비비안,300.0,1.3333333333333335
2005-07-01,22400,22500,22500,22050,390,002070,남영비비안,-400.0,-1.7543859649122806
2005-07-04,22300,22700,22700,22250,170,002070,남영비비안,-100.0,-0.4464285714285714
2005-07-05,22250,22200,22300,22100,975,002070,남영비비안,-50.0,-0.2242152466367713
2005-07-06,22450,22450,22500,22450,170,002070,남영비비안,200.0,0.8988764044943821
2005-07-07,22700,22700,22700,22700,16,002070,남영비비안,250.0,1.1135857461024499
2005-07-08,22150,22650,22650,22050,437,002070,남영비비안,-550.0,-2.4229074889867843
2005-07-11,22550,22600,23000,22250,680,002070,남영비비안,400.0,1.805869074492099
2005-07-12,22400,22900,22900,22400,870,002070,남영비비안,-150.0,-0.6651884700665188
2005-07-13,22600,22350,22600,22350,110,002070,남영비비안,200.0,0.8928571428571428
2005-07-14,22750,22300,22750,22300,210,002070,남영비비안,150.0,0.6637168141592921
2005-07-15,22450,22750,22750,22150,540,002070,남영비비안,-300.0,-1.3186813186813187
2005-07-18,22800,22450,22800,22450,80,002070,남영비비안,350.0,1.55902004454343
2005-07-19,23600,23600,23600,23600,10,002070,남영비비안,800.0,3.508771929824561
2005-07-20,22950,22950,22950,22950,40,002070,남영비비안,-650.0,-2.754237288135593
2005-07-21,22900,22400,22900,22400,121,002070,남영비비안,-50.0,-0.2178649237472767
2005-07-22,22800,22500,22800,22400,310,002070,남영비비안,-100.0,-0.43668122270742354
2005-07-25,23400,22400,23500,22400,19490,002070,남영비비안,600.0,2.631578947368421
2005-07-26,22900,23000,23000,22900,871,002070,남영비비안,-500.0,-2.1367521367521367
2005-07-27,22600,23000,23400,22300,6810,002070,남영비비안,-300.0,-1.3100436681222707
2005-07-28,22800,22600,22950,22500,1020,002070,남영비비안,200.0,0.8849557522123894
2005-07-29,23200,23600,23600,23000,590,002070,남영비비안,400.0,1.7543859649122806
2005-08-01,23200,23200,23200,23200,10,002070,남영비비안,0.0,0.0
2005-08-02,23150,23000,23150,22700,350,002070,남영비비안,-50.0,-0.21551724137931033
2005-08-03,22900,21000,22900,21000,690,002070,남영비비안,-250.0,-1.079913606911447
2005-08-04,22300,22900,22900,22300,430,002070,남영비비안,-600.0,-2.6200873362445414
2005-08-05,22400,22500,22500,22400,70,002070,남영비비안,100.0,0.4484304932735426
2005-08-08,21800,21250,22250,21250,70,002070,남영비비안,-600.0,-2.6785714285714284
2005-08-09,22500,21800,22500,21800,100,002070,남영비비안,700.0,3.211009174311927
2005-08-10,22900,22500,23000,22500,120,002070,남영비비안,400.0,1.7777777777777777
2005-08-11,22800,22800,22800,22800,0,002070,남영비비안,-100.0,-0.43668122270742354
2005-08-12,22800,22800,23300,22200,297,002070,남영비비안,0.0,0.0
2005-08-16,22600,22600,22600,22600,0,002070,남영비비안,-200.0,-0.8771929824561403
2005-08-17,22850,22450,22850,22450,80,002070,남영비비안,250.0,1.1061946902654867
2005-08-18,22850,22350,22850,22350,110,002070,남영비비안,0.0,0.0
2005-08-19,22500,22500,22500,22200,140,002070,남영비비안,-350.0,-1.5317286652078774
2005-08-22,22750,22750,22750,22750,10,002070,남영비비안,250.0,1.1111111111111112
2005-08-23,22750,22750,22750,22750,0,002070,남영비비안,0.0,0.0
2005-08-24,22550,22550,22550,22550,10,002070,남영비비안,-200.0,-0.8791208791208791
2005-08-25,22550,22550,22550,22550,0,002070,남영비비안,0.0,0.0
2005-08-26,22700,21600,22700,21600,413,002070,남영비비안,150.0,0.6651884700665188
2005-08-29,22700,22700,22700,22700,0,002070,남영비비안,0.0,0.0
2005-08-30,21600,21500,21700,21500,390,002070,남영비비안,-1100.0,-4.845814977973569
2005-08-31,21400,21050,22000,21050,150,002070,남영비비안,-200.0,-0.9259259259259258
2005-09-01,22450,20800,22450,20800,90,002070,남영비비안,1050.0,4.906542056074766
2005-09-02,21500,22000,22250,21500,110,002070,남영비비안,-950.0,-4.231625835189309
2005-09-05,22700,21500,22700,21500,110,002070,남영비비안,1200.0,5.5813953488372094
2005-09-06,21900,21900,21900,21900,30,002070,남영비비안,-800.0,-3.524229074889868
2005-09-07,21250,22000,22000,21250,1135,002070,남영비비안,-650.0,-2.968036529680365
2005-09-08,21450,21300,22000,21300,1242,002070,남영비비안,200.0,0.9411764705882352
2005-09-09,21500,20900,21750,20900,1180,002070,남영비비안,50.0,0.2331002331002331
2005-09-12,21100,21100,21500,21100,1060,002070,남영비비안,-400.0,-1.8604651162790697
2005-09-13,20900,21100,21550,20500,1540,002070,남영비비안,-200.0,-0.9478672985781991
2005-09-14,22800,20650,22800,20650,5150,002070,남영비비안,1900.0,9.090909090909092
2005-09-15,22500,22750,22900,21650,1140,002070,남영비비안,-300.0,-1.3157894736842104
2005-09-16,22550,22550,22550,21900,90,002070,남영비비안,50.0,0.2222222222222222
2005-09-20,22000,22200,22200,21800,1020,002070,남영비비안,-550.0,-2.4390243902439024
2005-09-21,22150,21350,22150,21350,193,002070,남영비비안,150.0,0.6818181818181818
2005-09-22,21900,22000,22700,21800,1120,002070,남영비비안,-250.0,-1.1286681715575622
2005-09-23,23700,22800,24450,22200,7680,002070,남영비비안,1800.0,8.21917808219178
2005-09-26,24700,23900,27250,23900,20710,002070,남영비비안,1000.0,4.219409282700422
2005-09-27,23400,24300,24300,22050,6670,002070,남영비비안,-1300.0,-5.263157894736842
2005-09-28,24050,23200,24300,23100,2190,002070,남영비비안,650.0,2.7777777777777777
2005-09-29,23900,24000,25300,23700,3447,002070,남영비비안,-150.0,-0.6237006237006237
2005-09-30,24350,23700,24600,23600,1750,002070,남영비비안,450.0,1.882845188284519
2005-10-04,24950,24350,25550,24050,3140,002070,남영비비안,600.0,2.4640657084188913
2005-10-05,24800,25900,25900,24550,1803,002070,남영비비안,-150.0,-0.6012024048096193
2005-10-06,23700,24200,24200,23550,3160,002070,남영비비안,-1100.0,-4.435483870967742
2005-10-07,23450,23700,23700,23400,1224,002070,남영비비안,-250.0,-1.0548523206751055
2005-10-10,24300,23850,24600,23350,320,002070,남영비비안,850.0,3.624733475479744
2005-10-11,24750,24650,24850,24650,2310,002070,남영비비안,450.0,1.8518518518518516
2005-10-12,25000,25000,25200,24900,1980,002070,남영비비안,250.0,1.0101010101010102
2005-10-13,24350,25000,25000,24350,190,002070,남영비비안,-650.0,-2.6
2005-10-14,25900,25500,26000,25500,620,002070,남영비비안,1550.0,6.365503080082135
2005-10-17,25100,25000,25700,24650,320,002070,남영비비안,-800.0,-3.088803088803089
2005-10-18,24500,25000,25800,24500,400,002070,남영비비안,-600.0,-2.3904382470119523
2005-10-19,23550,24000,24050,23500,1410,002070,남영비비안,-950.0,-3.877551020408163
2005-10-20,23700,23600,23700,23500,1090,002070,남영비비안,150.0,0.6369426751592357
2005-10-21,23650,23650,23650,23350,900,002070,남영비비안,-50.0,-0.21097046413502107
2005-10-24,23650,23750,23900,23150,340,002070,남영비비안,0.0,0.0
2005-10-25,23800,23950,23950,23600,270,002070,남영비비안,150.0,0.6342494714587738
2005-10-26,23450,23500,24300,23300,1480,002070,남영비비안,-350.0,-1.4705882352941175
2005-10-27,23800,23300,23800,23000,860,002070,남영비비안,350.0,1.4925373134328357
2005-10-28,23300,23000,23300,22700,260,002070,남영비비안,-500.0,-2.100840336134454
2005-10-31,22750,22550,22750,22450,1070,002070,남영비비안,-550.0,-2.3605150214592276
2005-11-01,23500,22650,23500,22650,190,002070,남영비비안,750.0,3.296703296703297
2005-11-02,23000,23700,23700,23000,150,002070,남영비비안,-500.0,-2.127659574468085
2005-11-03,23450,23200,23450,23000,180,002070,남영비비안,450.0,1.956521739130435
2005-11-04,23600,23350,24000,22900,640,002070,남영비비안,150.0,0.6396588486140725
2005-11-07,23000,23100,23450,23000,560,002070,남영비비안,-600.0,-2.5423728813559325
2005-11-08,23450,23150,23500,23150,868,002070,남영비비안,450.0,1.956521739130435
2005-11-09,23550,23350,23900,23000,480,002070,남영비비안,100.0,0.42643923240938164
2005-11-10,23500,23000,23500,23000,650,002070,남영비비안,-50.0,-0.21231422505307856
2005-11-11,23500,23650,23650,23000,510,002070,남영비비안,0.0,0.0
2005-11-14,23550,23050,23550,23050,140,002070,남영비비안,50.0,0.2127659574468085
2005-11-15,23450,23100,23450,23000,880,002070,남영비비안,-100.0,-0.42462845010615713
2005-11-16,23150,23150,23200,23150,80,002070,남영비비안,-300.0,-1.279317697228145
2005-11-17,23100,23100,23100,23100,260,002070,남영비비안,-50.0,-0.21598272138228944
2005-11-18,23500,23000,23500,23000,270,002070,남영비비안,400.0,1.7316017316017316
2005-11-21,23750,23500,23750,23100,3840,002070,남영비비안,250.0,1.0638297872340425
2005-11-22,23500,23900,24100,23400,7760,002070,남영비비안,-250.0,-1.0526315789473684
2005-11-23,23850,23700,24200,23450,2580,002070,남영비비안,350.0,1.4893617021276597
2005-11-24,25150,23600,25400,23600,5300,002070,남영비비안,1300.0,5.450733752620545
2005-11-25,25200,24600,25600,24450,1530,002070,남영비비안,50.0,0.19880715705765406
2005-11-28,25250,24900,25300,24600,420,002070,남영비비안,50.0,0.1984126984126984
2005-11-29,24900,24550,25500,24500,1200,002070,남영비비안,-350.0,-1.3861386138613863
2005-11-30,24900,24500,24900,24400,1770,002070,남영비비안,0.0,0.0
2005-12-01,25200,24850,25200,24350,940,002070,남영비비안,300.0,1.2048192771084338
2005-12-02,26500,25450,27250,25400,5540,002070,남영비비안,1300.0,5.158730158730158
2005-12-05,27600,27000,27800,26900,2585,002070,남영비비안,1100.0,4.150943396226415
2005-12-06,26600,27550,27600,26600,310,002070,남영비비안,-1000.0,-3.6231884057971016
2005-12-07,26800,27400,27400,26050,310,002070,남영비비안,200.0,0.7518796992481203
2005-12-08,26550,26800,27200,26250,880,002070,남영비비안,-250.0,-0.9328358208955223
2005-12-09,26600,26600,26850,25800,630,002070,남영비비안,50.0,0.18832391713747645
2005-12-12,25900,25850,26450,25250,380,002070,남영비비안,-700.0,-2.631578947368421
2005-12-13,26300,26800,26800,25600,790,002070,남영비비안,400.0,1.5444015444015444
2005-12-14,25850,26300,26300,25500,810,002070,남영비비안,-450.0,-1.7110266159695817
2005-12-15,25500,25850,25850,25000,750,002070,남영비비안,-350.0,-1.3539651837524178
2005-12-16,24900,25000,25800,24800,1090,002070,남영비비안,-600.0,-2.3529411764705883
2005-12-19,26450,24900,26850,24900,380,002070,남영비비안,1550.0,6.2248995983935735
2005-12-20,26000,26000,26800,26000,700,002070,남영비비안,-450.0,-1.7013232514177694
2005-12-21,26000,26000,26150,25800,8761,002070,남영비비안,0.0,0.0
2005-12-22,25500,26000,26000,25350,1120,002070,남영비비안,-500.0,-1.9230769230769231
2005-12-23,25950,25500,26200,24300,1900,002070,남영비비안,450.0,1.7647058823529411
2005-12-26,25250,25950,26700,25250,280,002070,남영비비안,-700.0,-2.697495183044316
2005-12-27,25500,25500,25500,25000,770,002070,남영비비안,250.0,0.9900990099009901
2005-12-28,25700,25700,25700,25700,10,002070,남영비비안,200.0,0.7843137254901961
2005-12-29,26000,25100,26300,25100,270,002070,남영비비안,300.0,1.1673151750972763
2006-01-02,25950,26000,26000,25050,420,002070,남영비비안,-50.0,-0.19230769230769232
2006-01-03,25450,25950,25950,24700,620,002070,남영비비안,-500.0,-1.9267822736030826
2006-01-04,25200,25000,25300,24800,1551,002070,남영비비안,-250.0,-0.9823182711198428
2006-01-05,24850,25400,25400,24850,1334,002070,남영비비안,-350.0,-1.3888888888888888
2006-01-06,25800,25000,26500,25000,1760,002070,남영비비안,950.0,3.8229376257545273
2006-01-09,25500,25600,25800,25500,350,002070,남영비비안,-300.0,-1.1627906976744187
2006-01-10,24900,25000,25300,24800,300,002070,남영비비안,-600.0,-2.3529411764705883
2006-01-11,24900,26500,26500,24800,1000,002070,남영비비안,0.0,0.0
2006-01-12,25900,25050,25900,25000,600,002070,남영비비안,1000.0,4.016064257028113
2006-01-13,25200,25500,25500,25200,146,002070,남영비비안,-700.0,-2.7027027027027026
2006-01-16,25800,25200,25800,25200,2990,002070,남영비비안,600.0,2.380952380952381
2006-01-17,26000,26500,26500,25500,1540,002070,남영비비안,200.0,0.7751937984496124
2006-01-18,25450,25850,25850,24500,940,002070,남영비비안,-550.0,-2.1153846153846154
2006-01-19,25350,24950,25350,24900,1020,002070,남영비비안,-100.0,-0.3929273084479371
2006-01-20,24100,24200,25200,24100,190,002070,남영비비안,-1250.0,-4.930966469428008
2006-01-23,22350,24700,24700,22250,3210,002070,남영비비안,-1750.0,-7.261410788381744
2006-01-24,23000,22200,24700,22200,700,002070,남영비비안,650.0,2.9082774049217
2006-01-25,23850,24500,24500,23050,710,002070,남영비비안,850.0,3.6956521739130435
2006-01-26,23950,23100,23950,23100,20,002070,남영비비안,100.0,0.41928721174004197
2006-01-27,24500,24200,24500,24200,490,002070,남영비비안,550.0,2.2964509394572024
2006-01-31,24900,24950,25000,24600,1300,002070,남영비비안,400.0,1.6326530612244898
2006-02-01,24300,24500,25600,24300,1740,002070,남영비비안,-600.0,-2.4096385542168677
2006-02-02,23700,24200,24200,23700,1130,002070,남영비비안,-600.0,-2.4691358024691357
2006-02-03,23900,24350,24350,23300,570,002070,남영비비안,200.0,0.8438818565400843
2006-02-06,24550,24000,24700,23900,400,002070,남영비비안,650.0,2.7196652719665275
2006-02-07,23700,24950,24950,23650,260,002070,남영비비안,-850.0,-3.462321792260693
2006-02-08,23700,24400,24400,23700,1360,002070,남영비비안,0.0,0.0
2006-02-09,23400,23500,23500,23400,800,002070,남영비비안,-300.0,-1.2658227848101267
2006-02-10,24000,23100,24000,23100,220,002070,남영비비안,600.0,2.564102564102564
2006-02-13,23500,24200,24200,23500,980,002070,남영비비안,-500.0,-2.083333333333333
2006-02-14,24100,23500,24100,23500,300,002070,남영비비안,600.0,2.553191489361702
2006-02-15,24100,24100,24100,24100,300,002070,남영비비안,0.0,0.0
2006-02-16,24400,23550,24400,23550,20,002070,남영비비안,300.0,1.2448132780082988
2006-02-17,23650,23900,23900,23600,693,002070,남영비비안,-750.0,-3.0737704918032787
2006-02-20,23850,23700,23850,23000,360,002070,남영비비안,200.0,0.8456659619450317
2006-02-21,23650,24100,24100,23650,210,002070,남영비비안,-200.0,-0.8385744234800839
2006-02-22,24200,23600,24200,23600,160,002070,남영비비안,550.0,2.3255813953488373
2006-02-23,24200,24200,24200,24200,0,002070,남영비비안,0.0,0.0
2006-02-24,24200,23700,24200,23700,60,002070,남영비비안,0.0,0.0
2006-02-27,24850,24850,24850,24850,0,002070,남영비비안,650.0,2.6859504132231407
2006-02-28,25100,25100,25100,25100,10,002070,남영비비안,250.0,1.0060362173038229
2006-03-02,25000,25000,25000,25000,0,002070,남영비비안,-100.0,-0.398406374501992
2006-03-03,24650,23600,24650,23600,190,002070,남영비비안,-350.0,-1.4000000000000001
2006-03-06,24650,24650,24650,24000,80,002070,남영비비안,0.0,0.0
2006-03-07,24600,24600,24600,24600,0,002070,남영비비안,-50.0,-0.2028397565922921
2006-03-08,24750,24750,24750,24750,10,002070,남영비비안,150.0,0.6097560975609756
2006-03-09,24950,23550,24950,23550,310,002070,남영비비안,200.0,0.8080808080808081
2006-03-10,24800,23900,24800,23900,50,002070,남영비비안,-150.0,-0.6012024048096193
2006-03-13,24800,24800,24800,24800,0,002070,남영비비안,0.0,0.0
2006-03-14,24450,24300,24450,24000,250,002070,남영비비안,-350.0,-1.411290322580645
2006-03-15,24350,24350,24350,24350,0,002070,남영비비안,-100.0,-0.408997955010225
2006-03-16,24350,24350,24350,24350,0,002070,남영비비안,0.0,0.0
2006-03-17,24850,24850,24850,24850,10,002070,남영비비안,500.0,2.0533880903490758
2006-03-20,24500,24500,24500,24500,0,002070,남영비비안,-350.0,-1.4084507042253522
2006-03-21,24400,24400,24400,24400,10,002070,남영비비안,-100.0,-0.40816326530612246
2006-03-22,26350,26350,26350,26350,10,002070,남영비비안,1950.0,7.991803278688526
2006-03-23,23550,24000,24200,23500,3471,002070,남영비비안,-2800.0,-10.62618595825427
2006-03-24,23000,24000,24000,22700,960,002070,남영비비안,-550.0,-2.335456475583864
2006-03-27,23000,23050,23450,23000,720,002070,남영비비안,0.0,0.0
2006-03-28,23450,22800,23450,22800,160,002070,남영비비안,450.0,1.956521739130435
2006-03-29,23800,23800,23800,23800,10,002070,남영비비안,350.0,1.4925373134328357
2006-03-30,23650,23650,23650,23650,10,002070,남영비비안,-150.0,-0.6302521008403361
2006-03-31,24000,23850,24000,23550,10381,002070,남영비비안,350.0,1.4799154334038054
2006-04-03,23900,24100,24100,23300,450,002070,남영비비안,-100.0,-0.4166666666666667
2006-04-04,23100,23000,23500,23000,4031,002070,남영비비안,-800.0,-3.3472803347280333
2006-04-05,23150,23450,23500,23150,3731,002070,남영비비안,50.0,0.21645021645021645
2006-04-06,23350,23150,23700,23000,2870,002070,남영비비안,200.0,0.8639308855291578
2006-04-07,23600,23650,23650,23550,410,002070,남영비비안,250.0,1.070663811563169
2006-04-10,23600,23600,23900,23600,810,002070,남영비비안,0.0,0.0
2006-04-11,23500,23800,23800,23500,510,002070,남영비비안,-100.0,-0.423728813559322
2006-04-12,23700,23150,23700,23150,1080,002070,남영비비안,200.0,0.851063829787234
2006-04-13,23800,23700,23850,23400,480,002070,남영비비안,100.0,0.42194092827004215
2006-04-14,24500,23800,24800,23750,5830,002070,남영비비안,700.0,2.941176470588235
2006-04-17,24550,24400,25200,24300,970,002070,남영비비안,50.0,0.20408163265306123
2006-04-18,24600,25500,25500,24600,780,002070,남영비비안,50.0,0.20366598778004072
2006-04-19,25000,25150,25150,25000,610,002070,남영비비안,400.0,1.6260162601626018
2006-04-20,25200,24000,25900,24000,1140,002070,남영비비안,200.0,0.8
2006-04-21,25100,26250,26250,24650,730,002070,남영비비안,-100.0,-0.3968253968253968
2006-04-24,24800,25100,25150,24800,160,002070,남영비비안,-300.0,-1.1952191235059761
2006-04-25,24500,24700,24700,24500,280,002070,남영비비안,-300.0,-1.2096774193548387
2006-04-26,24450,27500,27500,24250,1200,002070,남영비비안,-50.0,-0.20408163265306123
2006-04-27,24600,25450,25450,24100,3880,002070,남영비비안,150.0,0.6134969325153374
2006-04-28,24400,24500,24500,23800,680,002070,남영비비안,-200.0,-0.8130081300813009
2006-05-02,24400,23800,24500,23800,900,002070,남영비비안,0.0,0.0
2006-05-03,24500,24650,24650,24200,1660,002070,남영비비안,100.0,0.4098360655737705
2006-05-04,26200,24500,26300,24500,3760,002070,남영비비안,1700.0,6.938775510204081
2006-05-08,27500,26300,28450,25700,2570,002070,남영비비안,1300.0,4.961832061068702
2006-05-09,26900,28400,28400,26100,1020,002070,남영비비안,-600.0,-2.181818181818182
2006-05-10,26750,28050,28050,25800,310,002070,남영비비안,-150.0,-0.5576208178438662
2006-05-11,27000,26050,27350,26050,650,002070,남영비비안,250.0,0.9345794392523363
2006-05-12,26800,27650,27650,26300,2270,002070,남영비비안,-200.0,-0.7407407407407408
2006-05-15,27300,26950,28000,26500,1530,002070,남영비비안,500.0,1.8656716417910446
2006-05-16,27750,28150,28150,27300,330,002070,남영비비안,450.0,1.6483516483516485
2006-05-17,27750,28300,28300,26500,440,002070,남영비비안,0.0,0.0
2006-05-18,27900,27000,27900,27000,60,002070,남영비비안,150.0,0.5405405405405406
2006-05-19,27550,27000,28000,26700,830,002070,남영비비안,-350.0,-1.2544802867383513
2006-05-22,27350,26300,27800,26300,70,002070,남영비비안,-200.0,-0.7259528130671506
2006-05-23,25600,26100,27350,25600,1020,002070,남영비비안,-1750.0,-6.39853747714808
2006-05-24,25300,25600,26500,25300,1020,002070,남영비비안,-300.0,-1.171875
2006-05-25,25550,25200,25600,24600,780,002070,남영비비안,250.0,0.9881422924901186
2006-05-26,25400,25500,25500,24700,390,002070,남영비비안,-150.0,-0.5870841487279843
2006-05-29,25650,25800,25800,24650,250,002070,남영비비안,250.0,0.984251968503937
2006-05-30,24800,26750,26750,24800,190,002070,남영비비안,-850.0,-3.313840155945419
2006-06-01,25350,26000,26000,24400,770,002070,남영비비안,550.0,2.217741935483871
2006-06-02,25500,24450,25500,24450,20,002070,남영비비안,150.0,0.591715976331361
2006-06-05,25500,25500,25500,25500,0,002070,남영비비안,0.0,0.0
2006-06-07,25400,25400,25400,25400,100,002070,남영비비안,-100.0,-0.39215686274509803
2006-06-08,24750,24800,25650,23500,990,002070,남영비비안,-650.0,-2.559055118110236
2006-06-09,24450,24700,24700,23800,680,002070,남영비비안,-300.0,-1.2121212121212122
2006-06-12,23500,23400,24500,23200,270,002070,남영비비안,-950.0,-3.885480572597137
2006-06-13,24100,24100,24100,24100,50,002070,남영비비안,600.0,2.553191489361702
2006-06-14,24400,24400,24400,24400,90,002070,남영비비안,300.0,1.2448132780082988
2006-06-15,24500,23600,25000,23600,450,002070,남영비비안,100.0,0.4098360655737705
2006-06-16,24950,24950,24950,24950,20,002070,남영비비안,450.0,1.8367346938775513
2006-06-19,24850,24850,24850,24850,0,002070,남영비비안,-100.0,-0.4008016032064128
2006-06-20,24400,24800,24800,23500,110,002070,남영비비안,-450.0,-1.8108651911468814
2006-06-21,24500,24500,24500,24500,10,002070,남영비비안,100.0,0.4098360655737705
2006-06-22,24500,24500,24500,24500,0,002070,남영비비안,0.0,0.0
2006-06-23,25000,25000,25000,25000,10,002070,남영비비안,500.0,2.0408163265306123
2006-06-26,23200,22600,24350,22600,870,002070,남영비비안,-1800.0,-7.199999999999999
2006-06-27,24650,24150,24650,23500,40,002070,남영비비안,1450.0,6.25
2006-06-28,24400,24650,24650,24400,120,002070,남영비비안,-250.0,-1.0141987829614605
2006-06-29,24000,23300,24000,23300,20,002070,남영비비안,-400.0,-1.639344262295082
2006-06-30,23500,24300,24800,23500,150,002070,남영비비안,-500.0,-2.083333333333333
2006-07-03,24150,24150,24150,24150,10,002070,남영비비안,650.0,2.7659574468085104
2006-07-04,24600,24600,24600,23200,150,002070,남영비비안,450.0,1.8633540372670807
2006-07-05,24150,23400,24400,23350,150,002070,남영비비안,-450.0,-1.8292682926829267
2006-07-06,23300,23600,24300,23300,500,002070,남영비비안,-850.0,-3.5196687370600417
2006-07-07,24250,23250,24250,23050,510,002070,남영비비안,950.0,4.07725321888412
2006-07-10,23400,23300,23400,23300,110,002070,남영비비안,-850.0,-3.5051546391752577
2006-07-11,23500,23500,23500,23500,220,002070,남영비비안,100.0,0.4273504273504274
2006-07-12,23800,23800,23800,23800,10,002070,남영비비안,300.0,1.276595744680851
2006-07-13,23600,23600,23600,23600,710,002070,남영비비안,-200.0,-0.8403361344537815
2006-07-14,23500,23200,23800,23200,1040,002070,남영비비안,-100.0,-0.423728813559322
2006-07-18,22900,22850,23450,22800,2350,002070,남영비비안,-600.0,-2.553191489361702
2006-07-19,23650,23650,23650,23650,10,002070,남영비비안,750.0,3.2751091703056767
2006-07-20,23700,23700,23700,23650,140,002070,남영비비안,50.0,0.21141649048625794
2006-07-21,23500,23500,23500,23500,0,002070,남영비비안,-200.0,-0.8438818565400843
2006-07-24,23700,23700,23700,23700,10,002070,남영비비안,200.0,0.851063829787234
2006-07-25,23800,24200,24200,23300,200,002070,남영비비안,100.0,0.42194092827004215
2006-07-26,23800,23200,23900,23200,310,002070,남영비비안,0.0,0.0
2006-07-27,23450,23900,23900,23450,90,002070,남영비비안,-350.0,-1.4705882352941175
2006-07-28,23900,23900,23900,23900,10,002070,남영비비안,450.0,1.9189765458422177
2006-07-31,24100,23450,24100,23400,270,002070,남영비비안,200.0,0.8368200836820083
2006-08-01,24050,24050,24050,24050,10,002070,남영비비안,-50.0,-0.2074688796680498
2006-08-02,23950,23950,23950,23950,0,002070,남영비비안,-100.0,-0.4158004158004158
2006-08-03,24150,24150,24150,23700,80,002070,남영비비안,200.0,0.8350730688935281
2006-08-04,23900,23500,24150,23250,220,002070,남영비비안,-250.0,-1.0351966873706004
2006-08-07,23600,23900,24200,23600,140,002070,남영비비안,-300.0,-1.2552301255230125
2006-08-08,23700,23500,26350,23500,70,002070,남영비비안,100.0,0.423728813559322
2006-08-09,23800,23550,23800,23400,2820,002070,남영비비안,100.0,0.42194092827004215
2006-08-10,23800,23600,23800,23600,30,002070,남영비비안,0.0,0.0
2006-08-11,23800,23800,24000,23800,300,002070,남영비비안,0.0,0.0
2006-08-14,23700,23150,23700,23150,210,002070,남영비비안,-100.0,-0.42016806722689076
2006-08-16,23300,23500,23950,23200,920,002070,남영비비안,-400.0,-1.6877637130801686
2006-08-17,23200,23100,23200,23100,120,002070,남영비비안,-100.0,-0.4291845493562232
2006-08-18,23500,23800,24500,23500,80,002070,남영비비안,300.0,1.293103448275862
2006-08-21,23400,23400,23400,23400,10,002070,남영비비안,-100.0,-0.425531914893617
2006-08-22,23300,23300,23300,22850,180,002070,남영비비안,-100.0,-0.4273504273504274
2006-08-23,23600,23000,23600,23000,120,002070,남영비비안,300.0,1.2875536480686696
2006-08-24,23700,22900,23700,22900,30,002070,남영비비안,100.0,0.423728813559322
2006-08-25,23500,23300,23800,23300,730,002070,남영비비안,-200.0,-0.8438818565400843
2006-08-28,25000,23350,25700,23350,750,002070,남영비비안,1500.0,6.382978723404255
2006-08-29,25850,24500,26000,24500,1470,002070,남영비비안,850.0,3.4000000000000004
2006-08-30,26500,26500,26500,26500,10,002070,남영비비안,650.0,2.5145067698259185
2006-08-31,26400,25000,26400,25000,270,002070,남영비비안,-100.0,-0.37735849056603776
2006-09-01,26250,26250,26250,26250,100,002070,남영비비안,-150.0,-0.5681818181818182
2006-09-04,25800,24700,26000,24700,30,002070,남영비비안,-450.0,-1.7142857142857144
2006-09-05,25300,24200,25800,24200,140,002070,남영비비안,-500.0,-1.937984496124031
2006-09-06,25000,25000,25100,24700,271,002070,남영비비안,-300.0,-1.185770750988142
2006-09-07,24950,25150,25150,24300,1310,002070,남영비비안,-50.0,-0.2
2006-09-08,24800,25000,25000,23800,1060,002070,남영비비안,-150.0,-0.6012024048096193
2006-09-11,24600,24700,24800,24200,2390,002070,남영비비안,-200.0,-0.8064516129032258
2006-09-12,25450,24500,26000,24500,4080,002070,남영비비안,850.0,3.4552845528455287
2006-09-13,25400,25300,25650,24500,520,002070,남영비비안,-50.0,-0.19646365422396855
2006-09-14,25950,25400,26000,25100,2210,002070,남영비비안,550.0,2.1653543307086616
2006-09-15,26000,26000,26400,25550,2590,002070,남영비비안,50.0,0.1926782273603083
2006-09-18,25850,25550,26000,25250,620,002070,남영비비안,-150.0,-0.576923076923077
2006-09-19,26200,25850,26450,25000,972,002070,남영비비안,350.0,1.3539651837524178
2006-09-20,26600,26000,26600,26000,1240,002070,남영비비안,400.0,1.5267175572519083
2006-09-21,26600,26650,26650,26000,780,002070,남영비비안,0.0,0.0
2006-09-22,28000,27000,28000,26100,1911,002070,남영비비안,1400.0,5.263157894736842
2006-09-25,28700,27450,28800,27350,440,002070,남영비비안,700.0,2.5
2006-09-26,28700,27750,28900,27750,80,002070,남영비비안,0.0,0.0
2006-09-27,28500,27800,28500,27550,200,002070,남영비비안,-200.0,-0.6968641114982579
2006-09-28,28300,27550,28500,27550,640,002070,남영비비안,-200.0,-0.7017543859649122
2006-09-29,27500,28800,28800,27300,190,002070,남영비비안,-800.0,-2.8268551236749118
2006-10-02,28550,27050,28550,27050,90,002070,남영비비안,1050.0,3.8181818181818183
2006-10-04,28300,28300,28300,28300,0,002070,남영비비안,-250.0,-0.8756567425569177
2006-10-09,26850,28300,28300,25100,540,002070,남영비비안,-1450.0,-5.123674911660777
2006-10-10,27750,26550,27750,25650,1940,002070,남영비비안,900.0,3.35195530726257
2006-10-11,27750,27000,28000,26850,1230,002070,남영비비안,0.0,0.0
2006-10-12,27400,27500,27500,27400,630,002070,남영비비안,-350.0,-1.2612612612612613
2006-10-13,31400,31450,31450,28000,1140,002070,남영비비안,4000.0,14.5985401459854
2006-10-16,32100,31600,32650,31600,1510,002070,남영비비안,700.0,2.229299363057325
2006-10-17,30900,33000,33000,30900,170,002070,남영비비안,-1200.0,-3.7383177570093453
2006-10-18,30900,30900,30900,30900,340,002070,남영비비안,0.0,0.0
2006-10-19,32000,31000,32000,31000,70,002070,남영비비안,1100.0,3.559870550161812
2006-10-20,30050,31050,31650,30050,306,002070,남영비비안,-1950.0,-6.09375
2006-10-23,29600,30000,30750,29550,873,002070,남영비비안,-450.0,-1.497504159733777
2006-10-24,30100,29350,30200,29150,840,002070,남영비비안,500.0,1.6891891891891893
2006-10-25,29100,30300,30300,29100,170,002070,남영비비안,-1000.0,-3.322259136212625
2006-10-26,30000,29050,30000,29050,760,002070,남영비비안,900.0,3.0927835051546393
2006-10-27,28600,29100,29100,28600,442,002070,남영비비안,-1400.0,-4.666666666666667
2006-10-30,28550,28550,28550,28550,100,002070,남영비비안,-50.0,-0.17482517482517482
2006-10-31,28550,28550,28750,27600,150,002070,남영비비안,0.0,0.0
2006-11-01,30000,28500,30000,28100,470,002070,남영비비안,1450.0,5.078809106830122
2006-11-02,29800,30100,30100,29050,260,002070,남영비비안,-200.0,-0.6666666666666667
2006-11-03,29650,29100,29650,29000,570,002070,남영비비안,-150.0,-0.5033557046979865
2006-11-06,29300,29600,29600,29300,100,002070,남영비비안,-350.0,-1.1804384485666104
2006-11-07,29900,29050,29950,28550,1070,002070,남영비비안,600.0,2.04778156996587
2006-11-08,30050,29300,30050,29300,230,002070,남영비비안,150.0,0.5016722408026756
2006-11-09,30950,29500,30950,29500,1050,002070,남영비비안,900.0,2.995008319467554
2006-11-10,30500,30950,31000,30500,320,002070,남영비비안,-450.0,-1.4539579967689822
2006-11-13,30600,30050,30600,29650,60,002070,남영비비안,100.0,0.32786885245901637
2006-11-14,32450,30600,32450,30600,700,002070,남영비비안,1850.0,6.045751633986928
2006-11-15,32000,32300,32300,31000,310,002070,남영비비안,-450.0,-1.386748844375963
2006-11-16,31950,31100,31950,31050,396,002070,남영비비안,-50.0,-0.15625
2006-11-17,31950,31300,31950,30700,960,002070,남영비비안,0.0,0.0
2006-11-20,32400,31950,32400,31900,690,002070,남영비비안,450.0,1.4084507042253522
2006-11-21,33400,33400,33400,33400,10,002070,남영비비안,1000.0,3.0864197530864197
2006-11-22,33400,33400,33400,32100,250,002070,남영비비안,0.0,0.0
2006-11-23,33400,33400,33400,32200,860,002070,남영비비안,0.0,0.0
2006-11-24,33050,33400,34500,32700,1070,002070,남영비비안,-350.0,-1.0479041916167664
2006-11-27,32500,32550,32550,32100,1170,002070,남영비비안,-550.0,-1.6641452344931922
2006-11-28,31500,32100,32500,31500,1070,002070,남영비비안,-1000.0,-3.076923076923077
2006-11-29,32400,31500,32400,31500,320,002070,남영비비안,900.0,2.857142857142857
2006-11-30,32950,32950,32950,32950,20,002070,남영비비안,550.0,1.6975308641975309
2006-12-01,33350,32950,33350,32950,100,002070,남영비비안,400.0,1.2139605462822458
2006-12-04,33000,33900,33900,33000,130,002070,남영비비안,-350.0,-1.0494752623688157
2006-12-05,32400,32550,32550,32400,150,002070,남영비비안,-600.0,-1.8181818181818181
2006-12-06,31750,32450,32450,31750,360,002070,남영비비안,-650.0,-2.006172839506173
2006-12-07,31500,31600,32300,31500,490,002070,남영비비안,-250.0,-0.7874015748031495
2006-12-08,31150,31750,31750,31150,200,002070,남영비비안,-350.0,-1.1111111111111112
2006-12-11,31100,31000,31400,31000,280,002070,남영비비안,-50.0,-0.16051364365971107
2006-12-12,31300,30950,31300,30800,130,002070,남영비비안,200.0,0.6430868167202572
2006-12-13,32400,31850,32400,31550,170,002070,남영비비안,1100.0,3.5143769968051117
2006-12-14,33000,32950,33000,32900,90,002070,남영비비안,600.0,1.8518518518518516
2006-12-15,33200,33200,33200,33200,20,002070,남영비비안,200.0,0.6060606060606061
2006-12-18,33200,32300,33400,32300,450,002070,남영비비안,0.0,0.0
2006-12-19,33050,33150,33150,32550,530,002070,남영비비안,-150.0,-0.4518072289156626
2006-12-20,32950,32300,32950,32300,110,002070,남영비비안,-100.0,-0.30257186081694404
2006-12-21,32800,32900,32900,32800,230,002070,남영비비안,-150.0,-0.4552352048558422
2006-12-22,33400,32800,33400,32650,90,002070,남영비비안,600.0,1.8292682926829267
2006-12-26,33400,33400,33400,33400,0,002070,남영비비안,0.0,0.0
2006-12-27,32400,32400,32400,32400,870,002070,남영비비안,-1000.0,-2.9940119760479043
2006-12-28,32500,32400,32800,32400,140,002070,남영비비안,100.0,0.30864197530864196
2007-01-02,32550,32550,32550,32550,40,002070,남영비비안,50.0,0.15384615384615385
2007-01-03,33200,33050,33200,32000,780,002070,남영비비안,650.0,1.9969278033794162
2007-01-04,33350,32600,33350,32600,20,002070,남영비비안,150.0,0.4518072289156626
2007-01-05,33800,33350,33800,33350,300,002070,남영비비안,450.0,1.3493253373313343
2007-01-08,34900,33800,35000,33800,640,002070,남영비비안,1100.0,3.2544378698224854
2007-01-09,35000,34900,35000,34900,330,002070,남영비비안,100.0,0.28653295128939826
2007-01-10,34700,35000,35000,34650,450,002070,남영비비안,-300.0,-0.8571428571428572
2007-01-11,35600,34600,35600,34600,350,002070,남영비비안,900.0,2.5936599423631126
2007-01-12,35900,35600,35900,34950,340,002070,남영비비안,300.0,0.8426966292134831
2007-01-15,37000,35350,37000,34850,380,002070,남영비비안,1100.0,3.064066852367688
2007-01-16,37450,37850,38500,37450,290,002070,남영비비안,450.0,1.2162162162162162
2007-01-17,36850,37400,37400,33550,190,002070,남영비비안,-600.0,-1.602136181575434
2007-01-18,36750,36750,36750,35800,200,002070,남영비비안,-100.0,-0.27137042062415195
2007-01-19,36900,36900,37450,36900,100,002070,남영비비안,150.0,0.40816326530612246
2007-01-22,37000,36900,37000,36900,80,002070,남영비비안,100.0,0.27100271002710025
2007-01-23,35550,36900,36900,35550,240,002070,남영비비안,-1450.0,-3.9189189189189193
2007-01-24,34800,35050,35300,34800,550,002070,남영비비안,-750.0,-2.109704641350211
2007-01-25,36500,34800,36500,34800,510,002070,남영비비안,1700.0,4.885057471264368
2007-01-26,35350,35400,35400,35350,80,002070,남영비비안,-1150.0,-3.1506849315068495
2007-01-29,35350,35400,35400,35350,190,002070,남영비비안,0.0,0.0
2007-01-30,35350,34850,35350,34500,480,002070,남영비비안,0.0,0.0
2007-01-31,35550,35350,35600,35350,270,002070,남영비비안,200.0,0.5657708628005658
2007-02-01,34850,35550,35550,34350,170,002070,남영비비안,-700.0,-1.969057665260197
2007-02-02,34050,34100,34250,34050,350,002070,남영비비안,-800.0,-2.295552367288379
2007-02-05,34300,34550,35550,34300,280,002070,남영비비안,250.0,0.7342143906020557
2007-02-06,35000,34900,35000,34900,370,002070,남영비비안,700.0,2.0408163265306123
2007-02-07,35500,34950,35500,34950,360,002070,남영비비안,500.0,1.4285714285714286
2007-02-08,35650,34700,35650,34700,240,002070,남영비비안,150.0,0.42253521126760557
2007-02-09,36650,35600,37900,35600,600,002070,남영비비안,1000.0,2.805049088359046
2007-02-12,36500,36550,36800,36050,250,002070,남영비비안,-150.0,-0.4092769440654843
2007-02-13,36600,36000,36600,35550,320,002070,남영비비안,100.0,0.273972602739726
2007-02-14,38450,37050,38450,37050,1230,002070,남영비비안,1850.0,5.05464480874317
2007-02-15,38300,38350,38900,38000,830,002070,남영비비안,-150.0,-0.3901170351105332
2007-02-16,38300,38300,38300,38300,0,002070,남영비비안,0.0,0.0
2007-02-20,37700,38000,38000,37700,220,002070,남영비비안,-600.0,-1.5665796344647518
2007-02-21,37400,37700,37850,37100,580,002070,남영비비안,-300.0,-0.7957559681697612
2007-02-22,37100,37100,37600,37100,1880,002070,남영비비안,-300.0,-0.8021390374331552
2007-02-23,37400,36550,37500,36550,1530,002070,남영비비안,300.0,0.8086253369272237
2007-02-26,38400,37000,38400,37000,410,002070,남영비비안,1000.0,2.6737967914438503
2007-02-27,38050,38050,38050,38000,130,002070,남영비비안,-350.0,-0.9114583333333334
2007-02-28,38100,37300,38100,37150,2241,002070,남영비비안,50.0,0.1314060446780552
2007-03-02,37800,38100,38500,37800,200,002070,남영비비안,-300.0,-0.7874015748031495
2007-03-05,37850,37100,37850,37050,2870,002070,남영비비안,50.0,0.13227513227513227
2007-03-06,37600,37500,37600,37050,150,002070,남영비비안,-250.0,-0.6605019815059445
2007-03-07,37500,37600,37600,37350,180,002070,남영비비안,-100.0,-0.26595744680851063
2007-03-08,37950,37500,37950,37500,580,002070,남영비비안,450.0,1.2
2007-03-09,38900,38650,42300,37750,640,002070,남영비비안,950.0,2.503293807641634
2007-03-12,38700,38650,38700,38600,40,002070,남영비비안,-200.0,-0.5141388174807198
2007-03-13,38650,38650,38650,38650,20,002070,남영비비안,-50.0,-0.12919896640826875
2007-03-14,38200,37550,38200,37550,730,002070,남영비비안,-450.0,-1.1642949547218628
2007-03-15,38950,38150,38950,38150,1610,002070,남영비비안,750.0,1.963350785340314
2007-03-16,38650,38500,38650,38000,1320,002070,남영비비안,-300.0,-0.7702182284980745
2007-03-19,38500,38500,38500,38500,90,002070,남영비비안,-150.0,-0.38809831824062097
2007-03-20,38500,38500,38500,38500,1150,002070,남영비비안,0.0,0.0
2007-03-21,38500,38700,38700,38500,1630,002070,남영비비안,0.0,0.0
2007-03-22,39000,38500,39000,38500,350,002070,남영비비안,500.0,1.2987012987012987
2007-03-23,40500,39950,40500,39950,20,002070,남영비비안,1500.0,3.8461538461538463
2007-03-26,39500,39200,40250,39200,910,002070,남영비비안,-1000.0,-2.4691358024691357
2007-03-27,40200,39300,40400,39300,1090,002070,남영비비안,700.0,1.7721518987341773
2007-03-28,39700,40700,40700,39700,1070,002070,남영비비안,-500.0,-1.2437810945273633
2007-03-29,40150,39700,40150,39600,310,002070,남영비비안,450.0,1.1335012594458438
2007-03-30,40900,40000,40900,39600,410,002070,남영비비안,750.0,1.86799501867995
2007-04-02,44000,41950,44000,41950,920,002070,남영비비안,3100.0,7.579462102689487
2007-04-03,44800,44000,46500,43500,1240,002070,남영비비안,800.0,1.8181818181818181
2007-04-04,44500,44600,44600,44000,451,002070,남영비비안,-300.0,-0.6696428571428571
2007-04-05,45500,44000,45500,43950,670,002070,남영비비안,1000.0,2.247191011235955
2007-04-06,45500,46200,46200,45500,660,002070,남영비비안,0.0,0.0
2007-04-09,45150,45600,46750,45050,680,002070,남영비비안,-350.0,-0.7692307692307693
2007-04-10,45000,45000,45000,44700,858,002070,남영비비안,-150.0,-0.33222591362126247
2007-04-11,45250,44700,45250,44700,1320,002070,남영비비안,250.0,0.5555555555555556
2007-04-12,46000,44800,46100,44800,980,002070,남영비비안,750.0,1.6574585635359116
2007-04-13,46500,46000,46500,46000,500,002070,남영비비안,500.0,1.0869565217391304
2007-04-16,46400,46400,46500,45050,180,002070,남영비비안,-100.0,-0.21505376344086022
2007-04-17,47500,46350,47500,46350,1070,002070,남영비비안,1100.0,2.3706896551724137
2007-04-18,47500,47500,47600,47500,470,002070,남영비비안,0.0,0.0
2007-04-19,47700,47450,47950,47450,730,002070,남영비비안,200.0,0.42105263157894735
2007-04-20,48100,47700,48300,47700,680,002070,남영비비안,400.0,0.8385744234800839
2007-04-23,48100,48100,48150,48000,1290,002070,남영비비안,0.0,0.0
2007-04-24,48000,48000,48000,47850,242,002070,남영비비안,-100.0,-0.2079002079002079
2007-04-25,47200,47900,47900,47200,450,002070,남영비비안,-800.0,-1.6666666666666667
2007-04-26,46400,46700,46750,44950,1670,002070,남영비비안,-800.0,-1.694915254237288
2007-04-27,45800,45150,45850,45100,60,002070,남영비비안,-600.0,-1.293103448275862
2007-04-30,45750,45350,45950,45350,870,002070,남영비비안,-50.0,-0.10917030567685589
2007-05-02,45750,45350,45750,45050,190,002070,남영비비안,0.0,0.0
2007-05-03,45650,45150,45650,45100,30,002070,남영비비안,-100.0,-0.2185792349726776
2007-05-04,45600,45700,45700,45000,240,002070,남영비비안,-50.0,-0.10952902519167579
2007-05-07,46100,46300,46400,46000,650,002070,남영비비안,500.0,1.0964912280701753
2007-05-08,45900,46100,46100,45500,1300,002070,남영비비안,-200.0,-0.43383947939262474
2007-05-09,45850,45500,45850,45500,70,002070,남영비비안,-50.0,-0.10893246187363835
2007-05-10,46050,45500,46050,45500,612,002070,남영비비안,200.0,0.43620501635768816
2007-05-11,46050,45300,46050,45300,700,002070,남영비비안,0.0,0.0
2007-05-14,45500,46100,46100,45300,2540,002070,남영비비안,-550.0,-1.1943539630836049
2007-05-15,46200,46300,46350,45300,430,002070,남영비비안,700.0,1.5384615384615385
2007-05-16,46200,46200,46200,46200,100,002070,남영비비안,0.0,0.0
2007-05-17,47200,45800,47300,45800,960,002070,남영비비안,1000.0,2.1645021645021645
2007-05-18,48100,47400,49200,46550,1320,002070,남영비비안,900.0,1.9067796610169492
2007-05-21,48800,48950,51300,48750,650,002070,남영비비안,700.0,1.4553014553014554
2007-05-22,49000,49000,50500,49000,520,002070,남영비비안,200.0,0.4098360655737705
2007-05-23,53500,48950,55500,48950,2040,002070,남영비비안,4500.0,9.183673469387756
2007-05-25,54800,52000,55000,52000,195,002070,남영비비안,1300.0,2.4299065420560746
2007-05-28,59500,53200,62000,53200,2871,002070,남영비비안,4700.0,8.576642335766424
2007-05-29,58400,62000,62000,57100,1115,002070,남영비비안,-1100.0,-1.8487394957983194
2007-05-30,56800,58400,58400,55700,751,002070,남영비비안,-1600.0,-2.73972602739726
2007-05-31,57000,57500,57500,55700,706,002070,남영비비안,200.0,0.35211267605633806
2007-06-01,54600,56100,58000,54400,1190,002070,남영비비안,-2400.0,-4.2105263157894735
2007-06-04,55200,61000,61000,54600,1048,002070,남영비비안,600.0,1.098901098901099
2007-06-05,55700,56900,56900,54000,574,002070,남영비비안,500.0,0.9057971014492754
2007-06-07,57000,55700,57800,55000,1399,002070,남영비비안,1300.0,2.333931777378815
2007-06-08,56000,57000,57000,54600,2360,002070,남영비비안,-1000.0,-1.7543859649122806
2007-06-11,55600,57600,57600,54000,2141,002070,남영비비안,-400.0,-0.7142857142857143
2007-06-12,55500,56100,56500,54000,458,002070,남영비비안,-100.0,-0.1798561151079137
2007-06-13,56200,55900,56200,55500,307,002070,남영비비안,700.0,1.2612612612612613
2007-06-14,55900,56100,56900,55600,69,002070,남영비비안,-300.0,-0.5338078291814947
2007-06-15,55800,57500,57500,54100,758,002070,남영비비안,-100.0,-0.17889087656529518
2007-06-18,55500,57500,57500,55000,2178,002070,남영비비안,-300.0,-0.5376344086021506
2007-06-19,55800,57300,57300,55100,767,002070,남영비비안,300.0,0.5405405405405406
2007-06-20,55500,56200,56200,55200,1265,002070,남영비비안,-300.0,-0.5376344086021506
2007-06-21,55000,54500,55500,54000,435,002070,남영비비안,-500.0,-0.9009009009009009
2007-06-22,54700,55000,55000,54000,173,002070,남영비비안,-300.0,-0.5454545454545455
2007-06-25,51600,54700,54700,50400,2166,002070,남영비비안,-3100.0,-5.6672760511883
2007-06-26,52500,54000,54000,51800,157,002070,남영비비안,900.0,1.744186046511628
2007-06-27,53800,53800,53900,52200,762,002070,남영비비안,1300.0,2.4761904761904763
2007-06-28,52900,52300,52900,52200,129,002070,남영비비안,-900.0,-1.6728624535315983
2007-06-29,52500,52000,53500,51500,362,002070,남영비비안,-400.0,-0.7561436672967864
2007-07-02,52400,53100,53100,50500,141,002070,남영비비안,-100.0,-0.19047619047619047
2007-07-03,52900,52400,53500,52300,313,002070,남영비비안,500.0,0.9541984732824428
2007-07-04,53000,52800,53400,51500,503,002070,남영비비안,100.0,0.1890359168241966
2007-07-05,53800,53000,54000,52900,605,002070,남영비비안,800.0,1.509433962264151
2007-07-06,53400,53800,53800,53000,265,002070,남영비비안,-400.0,-0.7434944237918215
2007-07-09,52600,53000,53000,51700,733,002070,남영비비안,-800.0,-1.4981273408239701
2007-07-10,52900,53900,53900,51000,504,002070,남영비비안,300.0,0.5703422053231939
2007-07-11,52900,53500,53500,51300,830,002070,남영비비안,0.0,0.0
2007-07-12,53000,52800,53000,51200,921,002070,남영비비안,100.0,0.1890359168241966
2007-07-13,53500,53000,53900,52400,898,002070,남영비비안,500.0,0.9433962264150944
2007-07-16,53000,53900,53900,53000,508,002070,남영비비안,-500.0,-0.9345794392523363
2007-07-18,52700,55000,55000,52600,612,002070,남영비비안,-300.0,-0.5660377358490566
2007-07-19,52500,53000,53000,52500,723,002070,남영비비안,-200.0,-0.3795066413662239
2007-07-20,52900,51500,52900,51500,1355,002070,남영비비안,400.0,0.7619047619047619
2007-07-23,52900,52900,52900,51800,221,002070,남영비비안,0.0,0.0
2007-07-24,52900,52900,52900,52100,587,002070,남영비비안,0.0,0.0
2007-07-25,52300,53000,53000,51500,279,002070,남영비비안,-600.0,-1.1342155009451798
2007-07-26,52500,52300,52600,51700,461,002070,남영비비안,200.0,0.3824091778202677
2007-07-27,51300,52800,52800,51000,1867,002070,남영비비안,-1200.0,-2.2857142857142856
2007-07-30,52200,55900,55900,52100,1161,002070,남영비비안,900.0,1.7543859649122806
2007-07-31,52900,52100,53400,52000,211,002070,남영비비안,700.0,1.3409961685823755
2007-08-01,53100,52000,53500,52000,694,002070,남영비비안,200.0,0.3780718336483932
2007-08-02,52600,53000,53100,51700,798,002070,남영비비안,-500.0,-0.9416195856873822
2007-08-03,53200,52500,53400,52000,824,002070,남영비비안,600.0,1.1406844106463878
2007-08-06,52000,53800,53800,52000,806,002070,남영비비안,-1200.0,-2.2556390977443606
2007-08-07,52000,52900,52900,51400,489,002070,남영비비안,0.0,0.0
2007-08-08,52500,51900,52600,51500,695,002070,남영비비안,500.0,0.9615384615384616
2007-08-09,52900,53400,53400,52500,2004,002070,남영비비안,400.0,0.7619047619047619
2007-08-10,52000,52500,53500,52000,1516,002070,남영비비안,-900.0,-1.7013232514177694
2007-08-13,52600,53400,53400,51000,758,002070,남영비비안,600.0,1.153846153846154
2007-08-14,52200,53300,53400,52100,607,002070,남영비비안,-400.0,-0.7604562737642585
2007-08-16,50000,52800,52800,49900,1887,002070,남영비비안,-2200.0,-4.21455938697318
2007-08-17,50500,53000,53000,50500,1028,002070,남영비비안,500.0,1.0
2007-08-20,52100,50500,52900,50500,615,002070,남영비비안,1600.0,3.1683168316831685
2007-08-21,52900,53000,53000,51600,525,002070,남영비비안,800.0,1.5355086372360844
2007-08-22,52900,52700,52900,52700,615,002070,남영비비안,0.0,0.0
2007-08-23,52700,51200,52800,51200,365,002070,남영비비안,-200.0,-0.3780718336483932
2007-08-24,52600,54000,54000,52500,198,002070,남영비비안,-100.0,-0.18975332068311196
2007-08-27,52500,52800,52800,52000,1235,002070,남영비비안,-100.0,-0.19011406844106463
2007-08-28,52600,53000,53000,52000,1300,002070,남영비비안,100.0,0.19047619047619047
2007-08-29,52000,52600,52600,52000,930,002070,남영비비안,-600.0,-1.1406844106463878
2007-08-30,52000,51700,52100,51700,1169,002070,남영비비안,0.0,0.0
2007-08-31,53900,52300,54000,52300,2197,002070,남영비비안,1900.0,3.653846153846154
2007-09-03,53000,53900,53900,52800,786,002070,남영비비안,-900.0,-1.6697588126159555
2007-09-04,53400,53000,53500,53000,314,002070,남영비비안,400.0,0.7547169811320755
2007-09-05,53800,54000,54000,53800,119,002070,남영비비안,400.0,0.7490636704119851
2007-09-06,54000,54300,54300,53300,217,002070,남영비비안,200.0,0.37174721189591076
2007-09-07,54000,53300,54000,53300,10,002070,남영비비안,0.0,0.0
2007-09-10,53700,53000,53700,53000,204,002070,남영비비안,-300.0,-0.5555555555555556
2007-09-11,53000,53000,53100,53000,82,002070,남영비비안,-700.0,-1.303538175046555
2007-09-12,53000,53600,53600,52300,597,002070,남영비비안,0.0,0.0
2007-09-13,54000,53000,54000,52000,775,002070,남영비비안,1000.0,1.8867924528301887
2007-09-14,53800,52100,53900,52000,154,002070,남영비비안,-200.0,-0.3703703703703704
2007-09-17,54000,53000,54000,52600,1144,002070,남영비비안,200.0,0.37174721189591076
2007-09-18,59800,54000,61600,54000,4329,002070,남영비비안,5800.0,10.74074074074074
2007-09-19,58300,59500,59500,56400,589,002070,남영비비안,-1500.0,-2.508361204013378
2007-09-20,57000,56600,57800,56000,459,002070,남영비비안,-1300.0,-2.2298456260720414
2007-09-21,55000,56800,56800,54300,817,002070,남영비비안,-2000.0,-3.508771929824561
2007-09-27,54900,54400,55900,54400,245,002070,남영비비안,-100.0,-0.18181818181818182
2007-09-28,54900,55100,55900,54000,650,002070,남영비비안,0.0,0.0
2007-10-01,56300,56100,57000,54100,453,002070,남영비비안,1400.0,2.5500910746812386
2007-10-02,56600,56900,57100,56000,334,002070,남영비비안,300.0,0.5328596802841918
2007-10-04,57400,56300,57800,56300,48,002070,남영비비안,800.0,1.4134275618374559
2007-10-05,56800,57300,57300,55200,180,002070,남영비비안,-600.0,-1.0452961672473868
2007-10-08,55000,56800,56800,55000,2864,002070,남영비비안,-1800.0,-3.169014084507042
2007-10-09,55500,55500,55600,55400,491,002070,남영비비안,500.0,0.9090909090909091
2007-10-10,57000,56000,57000,56000,703,002070,남영비비안,1500.0,2.7027027027027026
2007-10-11,56000,56000,56700,56000,418,002070,남영비비안,-1000.0,-1.7543859649122806
2007-10-12,56000,55000,56000,55000,1097,002070,남영비비안,0.0,0.0
2007-10-15,56000,56000,56000,55800,575,002070,남영비비안,0.0,0.0
2007-10-16,56000,56900,56900,56000,53,002070,남영비비안,0.0,0.0
2007-10-17,55700,56200,56200,53200,456,002070,남영비비안,-300.0,-0.5357142857142857
2007-10-18,55800,55000,56100,55000,436,002070,남영비비안,100.0,0.17953321364452424
2007-10-19,54800,56200,56200,54700,133,002070,남영비비안,-1000.0,-1.7921146953405016
2007-10-22,54500,54600,54600,53500,2131,002070,남영비비안,-300.0,-0.5474452554744526
2007-10-23,54800,55000,55000,54500,25,002070,남영비비안,300.0,0.5504587155963303
2007-10-24,55900,54800,55900,54000,488,002070,남영비비안,1100.0,2.0072992700729926
2007-10-25,55300,55500,55500,54600,35,002070,남영비비안,-600.0,-1.073345259391771
2007-10-26,55500,55500,55500,55500,100,002070,남영비비안,200.0,0.3616636528028933
2007-10-29,55800,55000,55800,55000,929,002070,남영비비안,300.0,0.5405405405405406
2007-10-30,55700,54500,55700,54000,50,002070,남영비비안,-100.0,-0.17921146953405018
2007-10-31,55400,55600,55600,55400,227,002070,남영비비안,-300.0,-0.5385996409335727
2007-11-01,54200,54000,55400,54000,1868,002070,남영비비안,-1200.0,-2.166064981949458
2007-11-02,54100,54200,55000,53000,323,002070,남영비비안,-100.0,-0.18450184501845018
2007-11-05,53500,54400,54400,53500,293,002070,남영비비안,-600.0,-1.1090573012939002
2007-11-06,53900,54400,54400,53900,55,002070,남영비비안,400.0,0.7476635514018692
2007-11-07,54200,54400,54400,54200,14,002070,남영비비안,300.0,0.5565862708719851
2007-11-08,53500,54200,54400,53500,1594,002070,남영비비안,-700.0,-1.2915129151291513
2007-11-09,53500,53500,54000,53500,792,002070,남영비비안,0.0,0.0
2007-11-12,47250,53500,56900,47250,399,002070,남영비비안,-6250.0,-11.682242990654206
2007-11-13,53000,50900,53200,49950,2210,002070,남영비비안,5750.0,12.16931216931217
2007-11-14,54200,53000,54400,51600,36,002070,남영비비안,1200.0,2.2641509433962264
2007-11-15,53800,54000,54000,52700,50,002070,남영비비안,-400.0,-0.7380073800738007
2007-11-16,53400,53500,54900,48050,88,002070,남영비비안,-400.0,-0.7434944237918215
2007-11-19,53300,53300,53300,53300,0,002070,남영비비안,-100.0,-0.18726591760299627
2007-11-20,52900,52400,52900,49000,73,002070,남영비비안,-400.0,-0.7504690431519699
2007-11-21,52700,52000,52700,52000,2047,002070,남영비비안,-200.0,-0.3780718336483932
2007-11-22,52900,51600,52900,51600,6,002070,남영비비안,200.0,0.3795066413662239
2007-11-23,52300,52300,52300,52300,0,002070,남영비비안,-600.0,-1.1342155009451798
2007-11-26,52500,54700,54700,50000,647,002070,남영비비안,200.0,0.3824091778202677
2007-11-27,51700,53300,53300,45550,321,002070,남영비비안,-800.0,-1.5238095238095237
2007-11-28,52300,52000,52300,51700,25,002070,남영비비안,600.0,1.160541586073501
2007-11-29,52500,53500,53500,51900,70,002070,남영비비안,200.0,0.3824091778202677
2007-11-30,52700,52000,52700,52000,201,002070,남영비비안,200.0,0.38095238095238093
2007-12-03,52900,52900,52900,51600,198,002070,남영비비안,200.0,0.3795066413662239
2007-12-04,52800,52800,52800,52800,0,002070,남영비비안,-100.0,-0.1890359168241966
2007-12-05,52600,51600,52600,51600,56,002070,남영비비안,-200.0,-0.3787878787878788
2007-12-06,51600,51600,52300,51600,834,002070,남영비비안,-1000.0,-1.9011406844106464
2007-12-07,51700,50600,51700,50600,306,002070,남영비비안,100.0,0.1937984496124031
2007-12-10,51100,51600,52500,51100,42,002070,남영비비안,-600.0,-1.160541586073501
2007-12-11,51200,50000,52500,50000,480,002070,남영비비안,100.0,0.19569471624266144
2007-12-12,52000,51400,52000,51400,12,002070,남영비비안,800.0,1.5625
2007-12-13,52000,51600,52800,51600,217,002070,남영비비안,0.0,0.0
2007-12-14,52700,53000,53000,51800,3,002070,남영비비안,700.0,1.3461538461538463
2007-12-17,51800,48950,51800,48950,29,002070,남영비비안,-900.0,-1.7077798861480076
2007-12-18,50300,50300,51500,50300,453,002070,남영비비안,-1500.0,-2.8957528957528957
2007-12-20,50000,50300,50600,50000,804,002070,남영비비안,-300.0,-0.5964214711729622
2007-12-21,48900,50500,50500,45600,439,002070,남영비비안,-1100.0,-2.1999999999999997
2007-12-24,49500,48900,49500,48500,730,002070,남영비비안,600.0,1.2269938650306749
2007-12-26,50400,50100,51300,48100,341,002070,남영비비안,900.0,1.8181818181818181
2007-12-27,50200,49500,50200,49500,38,002070,남영비비안,-200.0,-0.3968253968253968
2007-12-28,50200,51600,51600,50000,50,002070,남영비비안,0.0,0.0
2008-01-02,50600,50600,50600,50600,5,002070,남영비비안,400.0,0.796812749003984
2008-01-03,50100,49200,50600,49200,56,002070,남영비비안,-500.0,-0.9881422924901186
2008-01-04,50700,50100,50700,49100,8,002070,남영비비안,600.0,1.1976047904191618
2008-01-07,50400,50600,50600,50400,6,002070,남영비비안,-300.0,-0.591715976331361
2008-01-08,50600,50600,50600,50000,92,002070,남영비비안,200.0,0.3968253968253968
2008-01-09,50600,50600,50600,50600,0,002070,남영비비안,0.0,0.0
2008-01-10,50500,50500,50500,50500,8,002070,남영비비안,-100.0,-0.1976284584980237
2008-01-11,50500,49200,50500,49100,39,002070,남영비비안,0.0,0.0
2008-01-14,50000,50600,50600,50000,1008,002070,남영비비안,-500.0,-0.9900990099009901
2008-01-15,50000,50000,50000,50000,5,002070,남영비비안,0.0,0.0
2008-01-16,49950,49950,49950,49950,0,002070,남영비비안,-50.0,-0.1
2008-01-17,49450,48550,49450,48400,80,002070,남영비비안,-500.0,-1.001001001001001
2008-01-18,47850,47900,49100,47850,3580,002070,남영비비안,-1600.0,-3.2355915065722956
2008-01-21,49700,48350,49750,45600,470,002070,남영비비안,1850.0,3.8662486938349003
2008-01-22,49800,50000,50000,45050,400,002070,남영비비안,100.0,0.2012072434607646
2008-01-23,49800,49950,50000,49000,260,002070,남영비비안,0.0,0.0
2008-01-24,50600,49800,50600,49500,120,002070,남영비비안,800.0,1.6064257028112447
2008-01-25,50600,50600,50600,50600,10,002070,남영비비안,0.0,0.0
2008-01-28,50000,50000,50000,50000,0,002070,남영비비안,-600.0,-1.185770750988142
2008-01-29,49600,49900,49900,49600,109,002070,남영비비안,-400.0,-0.8
2008-01-30,50000,49100,50000,48600,660,002070,남영비비안,400.0,0.8064516129032258
2008-01-31,49000,45900,49500,45900,418,002070,남영비비안,-1000.0,-2.0
2008-02-01,48950,47750,48950,47750,20,002070,남영비비안,-50.0,-0.10204081632653061
2008-02-04,49900,48600,49900,48600,60,002070,남영비비안,950.0,1.940755873340143
2008-02-05,50000,50600,50600,48600,560,002070,남영비비안,100.0,0.2004008016032064
2008-02-11,49600,48600,50100,48600,55,002070,남영비비안,-400.0,-0.8
2008-02-12,50500,49000,50500,49000,1010,002070,남영비비안,900.0,1.8145161290322582
2008-02-13,50500,50600,50600,50500,20,002070,남영비비안,0.0,0.0
2008-02-14,49850,49850,49850,49850,0,002070,남영비비안,-650.0,-1.2871287128712872
2008-02-15,49500,48600,49500,48600,790,002070,남영비비안,-350.0,-0.7021063189568706
2008-02-18,49000,48100,49000,48100,640,002070,남영비비안,-500.0,-1.0101010101010102
2008-02-19,48500,48500,48500,48500,630,002070,남영비비안,-500.0,-1.0204081632653061
2008-02-20,49850,48600,49850,48450,140,002070,남영비비안,1350.0,2.7835051546391756
2008-02-21,50000,50500,50500,50000,110,002070,남영비비안,150.0,0.3009027081243731
2008-02-22,49450,50500,51600,45000,686,002070,남영비비안,-550.0,-1.0999999999999999
2008-02-25,49950,51500,51500,49950,110,002070,남영비비안,500.0,1.0111223458038423
2008-02-26,50500,49950,50600,49950,220,002070,남영비비안,550.0,1.1011011011011012
2008-02-27,49500,50100,50100,49500,905,002070,남영비비안,-1000.0,-1.9801980198019802
2008-02-28,50400,50400,50400,50400,10,002070,남영비비안,900.0,1.8181818181818181
2008-02-29,49450,49450,49450,49450,0,002070,남영비비안,-950.0,-1.8849206349206349
2008-03-03,49350,49300,49350,49300,70,002070,남영비비안,-100.0,-0.20222446916076847
2008-03-04,49350,49350,49350,49350,10,002070,남영비비안,0.0,0.0
2008-03-05,49350,49350,49350,49350,50,002070,남영비비안,0.0,0.0
2008-03-06,49000,49350,49350,46200,170,002070,남영비비안,-350.0,-0.7092198581560284
2008-03-07,48000,48500,48500,48000,450,002070,남영비비안,-1000.0,-2.0408163265306123
2008-03-10,48050,48000,48050,48000,120,002070,남영비비안,50.0,0.10416666666666667
2008-03-11,49450,48100,49450,48050,160,002070,남영비비안,1400.0,2.91363163371488
2008-03-12,49300,49300,49300,49300,50,002070,남영비비안,-150.0,-0.3033367037411527
2008-03-13,49200,48000,49200,47950,80,002070,남영비비안,-100.0,-0.2028397565922921
2008-03-14,49300,49200,49300,46350,230,002070,남영비비안,100.0,0.20325203252032523
2008-03-17,48150,49300,49300,48150,100,002070,남영비비안,-1150.0,-2.332657200811359
2008-03-18,49100,48150,49100,48150,60,002070,남영비비안,950.0,1.9730010384215992
2008-03-19,49100,49100,49100,49100,50,002070,남영비비안,0.0,0.0
2008-03-20,49000,49100,49100,49000,200,002070,남영비비안,-100.0,-0.20366598778004072
2008-03-21,48500,49000,49000,48500,250,002070,남영비비안,-500.0,-1.0204081632653061
2008-03-24,48500,48500,48500,48500,60,002070,남영비비안,0.0,0.0
2008-03-25,47500,48500,48500,47500,250,002070,남영비비안,-1000.0,-2.0618556701030926
2008-03-26,47500,47500,47500,47500,50,002070,남영비비안,0.0,0.0
2008-03-27,47100,47500,47500,47100,260,002070,남영비비안,-400.0,-0.8421052631578947
2008-03-28,47200,47100,47200,47100,1142,002070,남영비비안,100.0,0.21231422505307856
2008-03-31,47200,47200,47200,47200,20,002070,남영비비안,0.0,0.0
2008-04-01,47250,47250,47250,47250,10,002070,남영비비안,50.0,0.1059322033898305
2008-04-02,45300,47250,47250,43400,430,002070,남영비비안,-1950.0,-4.1269841269841265
2008-04-03,45350,45300,46500,43550,800,002070,남영비비안,50.0,0.11037527593818984
2008-04-04,46900,45350,48400,45350,300,002070,남영비비안,1550.0,3.4178610804851157
2008-04-07,47300,46900,47300,46050,600,002070,남영비비안,400.0,0.8528784648187633
2008-04-08,47150,46000,47150,46000,30,002070,남영비비안,-150.0,-0.3171247357293869
2008-04-10,46500,46500,46500,46500,490,002070,남영비비안,-650.0,-1.378579003181336
2008-04-11,46350,46500,48400,45300,710,002070,남영비비안,-150.0,-0.3225806451612903
2008-04-14,48450,46300,48450,46300,150,002070,남영비비안,2100.0,4.53074433656958
2008-04-15,48400,47100,48450,47100,200,002070,남영비비안,-50.0,-0.10319917440660474
2008-04-16,48400,48400,48400,48400,0,002070,남영비비안,0.0,0.0
2008-04-17,48500,47300,48500,47050,3070,002070,남영비비안,100.0,0.2066115702479339
2008-04-18,48300,48300,48300,48300,0,002070,남영비비안,-200.0,-0.4123711340206186
2008-04-21,48500,48150,48500,48150,1740,002070,남영비비안,200.0,0.4140786749482402
2008-04-22,47350,48350,48500,47350,2560,002070,남영비비안,-1150.0,-2.3711340206185567
2008-04-23,46450,47000,47750,46300,310,002070,남영비비안,-900.0,-1.9007391763463568
2008-04-24,47800,46450,51300,46450,140,002070,남영비비안,1350.0,2.906350914962325
2008-04-25,48400,48400,48400,48400,11,002070,남영비비안,600.0,1.2552301255230125
2008-04-28,48000,48600,48600,47300,580,002070,남영비비안,-400.0,-0.8264462809917356
2008-04-29,47800,47800,47800,47800,12,002070,남영비비안,-200.0,-0.4166666666666667
2008-04-30,47800,47800,47800,47800,0,002070,남영비비안,0.0,0.0
2008-05-02,47800,47800,47800,47800,0,002070,남영비비안,0.0,0.0
2008-05-06,47500,47700,47700,47500,450,002070,남영비비안,-300.0,-0.6276150627615062
2008-05-07,47000,47000,47000,47000,240,002070,남영비비안,-500.0,-1.0526315789473684
2008-05-08,47300,46500,47300,46500,210,002070,남영비비안,300.0,0.6382978723404255
2008-05-09,47200,47200,47200,47200,0,002070,남영비비안,-100.0,-0.21141649048625794
2008-05-13,47000,47000,47000,47000,1002,002070,남영비비안,-200.0,-0.423728813559322
2008-05-14,47000,46900,47000,46900,284,002070,남영비비안,0.0,0.0
2008-05-15,48450,47500,48500,47500,4220,002070,남영비비안,1450.0,3.0851063829787235
2008-05-16,48400,48400,48400,48400,0,002070,남영비비안,-50.0,-0.10319917440660474
2008-05-19,47800,47200,48000,47200,450,002070,남영비비안,-600.0,-1.2396694214876034
2008-05-20,47750,47750,47750,47750,30,002070,남영비비안,-50.0,-0.10460251046025104
2008-05-21,47700,47700,47700,47700,10,002070,남영비비안,-50.0,-0.10471204188481677
2008-05-22,46650,46700,46700,46650,60,002070,남영비비안,-1050.0,-2.20125786163522
2008-05-23,46800,45050,46800,45050,310,002070,남영비비안,150.0,0.3215434083601286
2008-05-26,47200,46800,47850,45550,3580,002070,남영비비안,400.0,0.8547008547008548
2008-05-27,46300,46850,46900,46100,570,002070,남영비비안,-900.0,-1.9067796610169492
2008-05-28,46700,48500,48500,46650,220,002070,남영비비안,400.0,0.8639308855291578
2008-05-29,46700,46700,46700,46700,0,002070,남영비비안,0.0,0.0
2008-05-30,46850,45850,46850,45850,20,002070,남영비비안,150.0,0.32119914346895073
2008-06-02,46400,46500,46500,46000,90,002070,남영비비안,-450.0,-0.96051227321238
2008-06-03,46400,46400,46400,46400,0,002070,남영비비안,0.0,0.0
2008-06-04,46400,46400,46400,46400,10,002070,남영비비안,0.0,0.0
2008-06-05,47150,46800,47150,46800,220,002070,남영비비안,750.0,1.6163793103448276
2008-06-09,45200,47150,47150,45000,5856,002070,남영비비안,-1950.0,-4.135737009544008
2008-06-10,45000,45200,45750,44700,471,002070,남영비비안,-200.0,-0.4424778761061947
2008-06-11,44750,45700,45950,44750,187,002070,남영비비안,-250.0,-0.5555555555555556
2008-06-12,46900,44750,47450,44750,140,002070,남영비비안,2150.0,4.804469273743017
2008-06-13,50200,46000,50200,45050,670,002070,남영비비안,3300.0,7.036247334754798
2008-06-16,47950,47200,48000,47200,83,002070,남영비비안,-2250.0,-4.482071713147411
2008-06-17,49600,47950,49600,47950,70,002070,남영비비안,1650.0,3.441084462982273
2008-06-18,48800,47100,49000,47100,111,002070,남영비비안,-800.0,-1.6129032258064515
2008-06-19,47450,47450,47450,47450,60,002070,남영비비안,-1350.0,-2.7663934426229506
2008-06-20,47450,47450,47450,47450,0,002070,남영비비안,0.0,0.0
2008-06-23,48000,46650,48000,46650,100,002070,남영비비안,550.0,1.1591148577449948
2008-06-24,47500,47150,47500,47150,120,002070,남영비비안,-500.0,-1.0416666666666665
2008-06-25,47500,47500,47500,47500,0,002070,남영비비안,0.0,0.0
2008-06-26,47900,47500,47900,47000,180,002070,남영비비안,400.0,0.8421052631578947
2008-06-27,47400,46650,47400,46650,30,002070,남영비비안,-500.0,-1.0438413361169103
2008-06-30,47400,47400,47400,47400,0,002070,남영비비안,0.0,0.0
2008-07-01,47400,47400,47400,47400,0,002070,남영비비안,0.0,0.0
2008-07-02,46400,46400,46400,46400,90,002070,남영비비안,-1000.0,-2.109704641350211
2008-07-03,45650,45000,46500,45000,2650,002070,남영비비안,-750.0,-1.6163793103448276
2008-07-04,45700,45700,45700,45700,50,002070,남영비비안,50.0,0.10952902519167579
2008-07-07,44550,47700,47700,44500,240,002070,남영비비안,-1150.0,-2.516411378555799
2008-07-08,45500,45100,47450,44250,550,002070,남영비비안,950.0,2.132435465768799
2008-07-09,44200,44550,44550,44150,1340,002070,남영비비안,-1300.0,-2.857142857142857
2008-07-10,44150,44500,44500,44150,30,002070,남영비비안,-50.0,-0.11312217194570137
2008-07-11,45700,43900,45700,43900,820,002070,남영비비안,1550.0,3.5107587768969424
2008-07-14,46350,45700,48950,45700,200,002070,남영비비안,650.0,1.4223194748358863
2008-07-15,45800,46350,48900,45050,650,002070,남영비비안,-550.0,-1.186623516720604
2008-07-16,45700,45700,45700,45700,50,002070,남영비비안,-100.0,-0.21834061135371177
2008-07-17,46250,48400,48400,45250,30,002070,남영비비안,550.0,1.2035010940919038
2008-07-18,45750,45750,45750,45750,50,002070,남영비비안,-500.0,-1.0810810810810811
2008-07-21,48000,45750,49450,45150,890,002070,남영비비안,2250.0,4.918032786885246
2008-07-22,48900,47650,48950,46150,760,002070,남영비비안,900.0,1.875
2008-07-23,48600,48600,48600,48600,0,002070,남영비비안,-300.0,-0.6134969325153374
2008-07-24,49100,47850,49100,47850,270,002070,남영비비안,500.0,1.02880658436214
2008-07-25,49100,49100,51800,49100,180,002070,남영비비안,0.0,0.0
2008-07-28,48600,48600,48600,48600,10,002070,남영비비안,-500.0,-1.0183299389002036
2008-07-29,47150,47150,47150,47150,60,002070,남영비비안,-1450.0,-2.983539094650206
2008-07-30,46850,46950,47000,46100,1992,002070,남영비비안,-300.0,-0.6362672322375398
2008-07-31,47900,47950,47950,45450,770,002070,남영비비안,1050.0,2.2411953041622197
2008-08-01,47700,46700,47700,46600,110,002070,남영비비안,-200.0,-0.41753653444676403
2008-08-04,46000,46150,46150,46000,130,002070,남영비비안,-1700.0,-3.563941299790356
2008-08-05,46800,46350,46900,45750,560,002070,남영비비안,800.0,1.7391304347826086
2008-08-06,47650,49450,49450,47650,492,002070,남영비비안,850.0,1.8162393162393164
2008-08-07,46650,48100,48100,46250,850,002070,남영비비안,-1000.0,-2.098635886673662
2008-08-08,47650,47000,49950,47000,590,002070,남영비비안,1000.0,2.1436227224008575
2008-08-11,47300,47300,47300,47300,50,002070,남영비비안,-350.0,-0.7345225603357817
2008-08-12,46600,46600,46600,46600,150,002070,남영비비안,-700.0,-1.4799154334038054
2008-08-13,46900,46600,47000,46300,500,002070,남영비비안,300.0,0.6437768240343348
2008-08-14,48150,49450,49450,46850,80,002070,남영비비안,1250.0,2.6652452025586353
2008-08-18,46350,49650,49650,46350,150,002070,남영비비안,-1800.0,-3.7383177570093453
2008-08-19,45900,46200,46200,45000,920,002070,남영비비안,-450.0,-0.9708737864077669
2008-08-20,46250,47150,47150,46250,30,002070,남영비비안,350.0,0.7625272331154684
2008-08-21,44950,44950,45750,44950,730,002070,남영비비안,-1300.0,-2.810810810810811
2008-08-22,44350,45850,45850,42100,260,002070,남영비비안,-600.0,-1.3348164627363739
2008-08-25,45350,47050,47150,44050,1420,002070,남영비비안,1000.0,2.254791431792559
2008-08-26,47950,45350,47950,45350,70,002070,남영비비안,2600.0,5.733186328555679
2008-08-27,46000,47500,51900,45700,270,002070,남영비비안,-1950.0,-4.066736183524505
2008-08-28,46500,46500,46500,46500,10,002070,남영비비안,500.0,1.0869565217391304
2008-08-29,45600,46500,46500,43000,320,002070,남영비비안,-900.0,-1.935483870967742
2008-09-01,43500,44350,44350,43200,580,002070,남영비비안,-2100.0,-4.605263157894736
2008-09-02,43900,42850,47900,41900,1797,002070,남영비비안,400.0,0.9195402298850575
2008-09-03,43950,43250,44200,42800,1320,002070,남영비비안,50.0,0.11389521640091116
2008-09-04,43500,43900,43900,43000,1240,002070,남영비비안,-450.0,-1.023890784982935
2008-09-05,44700,43500,44700,43450,410,002070,남영비비안,1200.0,2.7586206896551726
2008-09-08,48750,44500,48750,44500,1156,002070,남영비비안,4050.0,9.060402684563758
2008-09-09,47300,47150,48450,46200,440,002070,남영비비안,-1450.0,-2.9743589743589745
2008-09-10,47000,46400,47300,45400,410,002070,남영비비안,-300.0,-0.6342494714587738
2008-09-11,47150,46900,47150,46900,60,002070,남영비비안,150.0,0.3191489361702127
2008-09-12,47500,47150,49900,46050,360,002070,남영비비안,350.0,0.7423117709437964
2008-09-16,46400,46200,49500,46200,310,002070,남영비비안,-1100.0,-2.3157894736842106
2008-09-17,47000,46500,47000,46400,270,002070,남영비비안,600.0,1.293103448275862
2008-09-18,46300,46500,49950,46200,460,002070,남영비비안,-700.0,-1.4893617021276597
2008-09-19,47500,47800,47800,46500,640,002070,남영비비안,1200.0,2.591792656587473
2008-09-22,47000,47150,47150,46800,430,002070,남영비비안,-500.0,-1.0526315789473684
2008-09-23,46950,45900,46950,45800,360,002070,남영비비안,-50.0,-0.10638297872340426
2008-09-24,47650,46900,49900,46100,450,002070,남영비비안,700.0,1.4909478168264112
2008-09-25,46700,45850,46700,45650,220,002070,남영비비안,-950.0,-1.993704092339979
2008-09-26,47200,46050,47200,45900,1650,002070,남영비비안,500.0,1.070663811563169
2008-09-29,47200,47200,47200,47200,0,002070,남영비비안,0.0,0.0
2008-09-30,48000,45200,48000,45200,1210,002070,남영비비안,800.0,1.694915254237288
2008-10-01,46750,46850,46850,44850,430,002070,남영비비안,-1250.0,-2.604166666666667
2008-10-02,46700,46700,46700,46700,0,002070,남영비비안,-50.0,-0.10695187165775401
2008-10-06,46000,46000,46000,44400,378,002070,남영비비안,-700.0,-1.4989293361884368
2008-10-07,44650,46000,46000,42200,4230,002070,남영비비안,-1350.0,-2.9347826086956523
2008-10-08,43000,42800,43000,41600,370,002070,남영비비안,-1650.0,-3.6954087346024638
2008-10-09,44800,44800,44800,43000,651,002070,남영비비안,1800.0,4.186046511627907
2008-10-10,44800,42000,44800,40000,1690,002070,남영비비안,0.0,0.0
2008-10-13,45350,41100,45350,41100,221,002070,남영비비안,550.0,1.2276785714285714
2008-10-14,45350,45350,45350,45350,0,002070,남영비비안,0.0,0.0
2008-10-15,44850,44850,44850,44850,10,002070,남영비비안,-500.0,-1.1025358324145533
2008-10-16,43500,43500,43500,42000,300,002070,남영비비안,-1350.0,-3.0100334448160537
2008-10-17,44000,43500,44000,42100,380,002070,남영비비안,500.0,1.1494252873563218
2008-10-20,42500,41800,42500,41150,1330,002070,남영비비안,-1500.0,-3.4090909090909087
2008-10-21,44400,42500,44400,41350,370,002070,남영비비안,1900.0,4.470588235294118
2008-10-22,43000,43250,43250,41800,320,002070,남영비비안,-1400.0,-3.153153153153153
2008-10-23,41000,40850,41000,40000,490,002070,남영비비안,-2000.0,-4.651162790697675
2008-10-24,39400,40000,40000,37400,4415,002070,남영비비안,-1600.0,-3.902439024390244
2008-10-27,33500,39100,39100,33500,960,002070,남영비비안,-5900.0,-14.974619289340103
2008-10-28,37000,33000,38000,31400,1200,002070,남영비비안,3500.0,10.44776119402985
2008-10-29,32750,38250,41500,32750,3210,002070,남영비비안,-4250.0,-11.486486486486488
2008-10-30,30050,30450,34050,29950,4584,002070,남영비비안,-2700.0,-8.244274809160306
2008-10-31,30000,30500,30550,29750,1193,002070,남영비비안,-50.0,-0.16638935108153077
2008-11-03,30300,30500,31000,30050,2780,002070,남영비비안,300.0,1.0
2008-11-04,30100,30050,30300,30050,14130,002070,남영비비안,-200.0,-0.6600660066006601
2008-11-05,30400,30200,30850,30150,4646,002070,남영비비안,300.0,0.9966777408637874
2008-11-06,30300,29550,30300,29550,150,002070,남영비비안,-100.0,-0.3289473684210526
2008-11-07,30500,32950,32950,30200,610,002070,남영비비안,200.0,0.6600660066006601
2008-11-10,30500,30200,31550,30200,570,002070,남영비비안,0.0,0.0
2008-11-11,30500,34000,34000,30150,370,002070,남영비비안,0.0,0.0
2008-11-12,30400,31000,31050,30050,180,002070,남영비비안,-100.0,-0.32786885245901637
2008-11-13,29950,33500,33500,29150,700,002070,남영비비안,-450.0,-1.4802631578947367
2008-11-14,30400,32350,32350,29800,620,002070,남영비비안,450.0,1.5025041736227045
2008-11-17,32550,30400,32550,30400,110,002070,남영비비안,2150.0,7.072368421052631
2008-11-18,30000,31000,31000,30000,820,002070,남영비비안,-2550.0,-7.834101382488479
2008-11-19,30300,30250,30300,30250,40,002070,남영비비안,300.0,1.0
2008-11-20,29000,29750,29750,28250,260,002070,남영비비안,-1300.0,-4.29042904290429
2008-11-21,28700,29000,29000,28700,110,002070,남영비비안,-300.0,-1.0344827586206897
2008-11-24,28700,28700,28700,28700,10,002070,남영비비안,0.0,0.0
2008-11-25,30000,29200,30000,28500,960,002070,남영비비안,1300.0,4.529616724738676
2008-11-26,29650,29650,29650,29650,53,002070,남영비비안,-350.0,-1.1666666666666667
2008-11-27,29150,28950,29550,28950,210,002070,남영비비안,-500.0,-1.6863406408094435
2008-11-28,29450,28700,29450,28700,530,002070,남영비비안,300.0,1.0291595197255576
2008-12-01,29500,28900,29500,28500,1250,002070,남영비비안,50.0,0.1697792869269949
2008-12-02,29100,28800,29850,28800,460,002070,남영비비안,-400.0,-1.3559322033898304
2008-12-03,29650,28500,32350,28500,400,002070,남영비비안,550.0,1.8900343642611683
2008-12-04,30000,29800,30000,29800,13060,002070,남영비비안,350.0,1.1804384485666104
2008-12-05,30600,32750,32750,29800,160,002070,남영비비안,600.0,2.0
2008-12-08,31500,30300,31500,30000,2762,002070,남영비비안,900.0,2.941176470588235
2008-12-09,30300,30150,30850,29750,10270,002070,남영비비안,-1200.0,-3.8095238095238098
2008-12-10,30050,30050,30050,30050,20,002070,남영비비안,-250.0,-0.825082508250825
2008-12-11,30800,30900,30900,30000,4990,002070,남영비비안,750.0,2.4958402662229617
2008-12-12,30350,29950,30350,28350,220,002070,남영비비안,-450.0,-1.461038961038961
2008-12-15,30650,29500,32950,29500,90,002070,남영비비안,300.0,0.9884678747940692
2008-12-16,30000,30400,30400,29600,480,002070,남영비비안,-650.0,-2.1207177814029365
2008-12-17,30000,30600,30600,29300,270,002070,남영비비안,0.0,0.0
2008-12-18,30450,30550,30550,30000,380,002070,남영비비안,450.0,1.5
2008-12-19,30000,29800,30000,29500,350,002070,남영비비안,-450.0,-1.477832512315271
2008-12-22,30200,30200,30200,30200,50,002070,남영비비안,200.0,0.6666666666666667
2008-12-23,30200,30200,30200,30200,0,002070,남영비비안,0.0,0.0
2008-12-24,30200,29950,34000,29950,16380,002070,남영비비안,0.0,0.0
2008-12-26,29500,33600,33600,29300,630,002070,남영비비안,-700.0,-2.3178807947019866
2008-12-29,29450,28700,29450,28700,140,002070,남영비비안,-50.0,-0.1694915254237288
2008-12-30,31000,29250,31600,29200,1290,002070,남영비비안,1550.0,5.263157894736842
2009-01-02,30750,30750,30750,30750,0,002070,남영비비안,-250.0,-0.8064516129032258
2009-01-05,30650,30650,30650,30650,20,002070,남영비비안,-100.0,-0.3252032520325203
2009-01-06,30300,31400,31400,30000,1180,002070,남영비비안,-350.0,-1.1419249592169658
2009-01-07,30300,30500,31350,30050,180,002070,남영비비안,0.0,0.0
2009-01-08,30500,31050,31050,30500,60,002070,남영비비안,200.0,0.6600660066006601
2009-01-09,30500,30500,30500,30000,570,002070,남영비비안,0.0,0.0
2009-01-12,30500,30950,30950,30500,630,002070,남영비비안,0.0,0.0
2009-01-13,30850,31050,31050,30850,200,002070,남영비비안,350.0,1.1475409836065573
2009-01-14,30250,30200,30250,30000,230,002070,남영비비안,-600.0,-1.9448946515397085
2009-01-15,30500,30900,30900,29850,700,002070,남영비비안,250.0,0.8264462809917356
2009-01-16,30500,30200,30500,30200,20,002070,남영비비안,0.0,0.0
2009-01-19,30550,30550,30550,30550,100,002070,남영비비안,50.0,0.16393442622950818
2009-01-20,30050,30050,30050,30050,0,002070,남영비비안,-500.0,-1.6366612111292964
2009-01-21,29950,29950,29950,29950,0,002070,남영비비안,-100.0,-0.33277870216306155
2009-01-22,30000,29950,30000,29950,100,002070,남영비비안,50.0,0.1669449081803005
2009-01-23,29800,29800,29800,29800,0,002070,남영비비안,-200.0,-0.6666666666666667
2009-01-28,30000,29350,30000,29350,20,002070,남영비비안,200.0,0.6711409395973155
2009-01-29,30000,30000,30000,30000,0,002070,남영비비안,0.0,0.0
2009-01-30,30300,30400,30400,30000,23480,002070,남영비비안,300.0,1.0
2009-02-02,30300,30400,30400,30000,430,002070,남영비비안,0.0,0.0
2009-02-03,30300,30300,30300,30300,0,002070,남영비비안,0.0,0.0
2009-02-04,30600,30600,30600,30600,10,002070,남영비비안,300.0,0.9900990099009901
2009-02-05,31000,30550,31000,30250,260,002070,남영비비안,400.0,1.3071895424836601
2009-02-06,31000,31000,31000,31000,0,002070,남영비비안,0.0,0.0
2009-02-09,31000,31000,31000,31000,50,002070,남영비비안,0.0,0.0
2009-02-10,30200,30350,30350,29650,400,002070,남영비비안,-800.0,-2.5806451612903225
2009-02-11,29000,29350,31000,25700,3230,002070,남영비비안,-1200.0,-3.9735099337748347
2009-02-12,29850,29900,29900,28900,570,002070,남영비비안,850.0,2.9310344827586206
2009-02-13,30000,29650,30000,28900,620,002070,남영비비안,150.0,0.5025125628140703
2009-02-16,30200,30200,30200,30200,10,002070,남영비비안,200.0,0.6666666666666667
2009-02-17,30150,30150,30150,30150,50,002070,남영비비안,-50.0,-0.16556291390728478
2009-02-18,29200,29200,29200,29000,120,002070,남영비비안,-950.0,-3.150912106135987
2009-02-19,28300,28300,28300,28300,40,002070,남영비비안,-900.0,-3.0821917808219177
2009-02-20,28900,28200,32200,28000,530,002070,남영비비안,600.0,2.1201413427561837
2009-02-23,28400,28850,29700,28100,390,002070,남영비비안,-500.0,-1.7301038062283738
2009-02-24,28850,28950,28950,27200,360,002070,남영비비안,450.0,1.584507042253521
2009-02-25,27950,30000,30000,27250,410,002070,남영비비안,-900.0,-3.119584055459272
2009-02-26,27800,28150,28150,27400,270,002070,남영비비안,-150.0,-0.5366726296958855
2009-02-27,27900,27500,30900,27500,390,002070,남영비비안,100.0,0.3597122302158274
2009-03-02,27350,27450,28150,27150,400,002070,남영비비안,-550.0,-1.971326164874552
2009-03-03,29400,26900,30850,26900,440,002070,남영비비안,2050.0,7.495429616087751
2009-03-04,27850,28100,28100,27850,122,002070,남영비비안,-1550.0,-5.272108843537415
2009-03-05,27800,27450,27800,27350,90,002070,남영비비안,-50.0,-0.17953321364452424
2009-03-06,27400,27400,27400,27400,0,002070,남영비비안,-400.0,-1.4388489208633095
2009-03-09,27350,27400,30900,27350,460,002070,남영비비안,-50.0,-0.18248175182481752
2009-03-10,27350,27350,27350,27350,0,002070,남영비비안,0.0,0.0
2009-03-11,27650,27950,27950,27650,150,002070,남영비비안,300.0,1.0968921389396709
2009-03-12,27300,27650,29350,27250,320,002070,남영비비안,-350.0,-1.2658227848101267
2009-03-13,27450,27450,27450,27450,51,002070,남영비비안,150.0,0.5494505494505495
2009-03-16,27450,27500,27500,27450,181,002070,남영비비안,0.0,0.0
2009-03-17,28800,27500,29900,27500,1690,002070,남영비비안,1350.0,4.918032786885246
2009-03-18,29050,28800,30900,28350,530,002070,남영비비안,250.0,0.8680555555555556
2009-03-19,28150,28350,28650,27800,230,002070,남영비비안,-900.0,-3.098106712564544
2009-03-20,27700,28400,30700,27700,684,002070,남영비비안,-450.0,-1.5985790408525755
2009-03-23,27900,27700,27900,27500,90,002070,남영비비안,200.0,0.7220216606498195
2009-03-24,28100,28450,28450,28000,246,002070,남영비비안,200.0,0.7168458781362007
2009-03-25,28350,28400,28400,27700,32,002070,남영비비안,250.0,0.8896797153024912
2009-03-26,28600,28000,28600,28000,260,002070,남영비비안,250.0,0.8818342151675485
2009-03-27,28400,28100,28500,28100,80,002070,남영비비안,-200.0,-0.6993006993006993
2009-03-30,28400,28400,28400,28400,200,002070,남영비비안,0.0,0.0
2009-03-31,28350,27950,28350,27950,170,002070,남영비비안,-50.0,-0.17605633802816903
2009-04-01,28250,27650,28250,27650,60,002070,남영비비안,-100.0,-0.3527336860670194
2009-04-02,28500,28250,28650,28000,100,002070,남영비비안,250.0,0.8849557522123894
2009-04-03,28300,28500,29150,28300,281,002070,남영비비안,-200.0,-0.7017543859649122
2009-04-06,30000,28700,30250,28000,2250,002070,남영비비안,1700.0,6.007067137809187
2009-04-07,30200,28700,31100,28700,1410,002070,남영비비안,200.0,0.6666666666666667
2009-04-08,29850,30050,30850,29000,600,002070,남영비비안,-350.0,-1.1589403973509933
2009-04-09,30300,30350,30350,30300,20,002070,남영비비안,450.0,1.507537688442211
2009-04-10,30750,30700,33800,29400,1094,002070,남영비비안,450.0,1.4851485148514851
2009-04-13,33300,31350,33700,31100,4032,002070,남영비비안,2550.0,8.292682926829269
2009-04-14,33600,32900,33950,31500,980,002070,남영비비안,300.0,0.9009009009009009
2009-04-15,33000,33600,34950,32800,420,002070,남영비비안,-600.0,-1.7857142857142856
2009-04-16,33100,33050,34950,32700,2320,002070,남영비비안,100.0,0.30303030303030304
2009-04-17,33400,33850,34800,32250,750,002070,남영비비안,300.0,0.906344410876133
2009-04-20,32350,33900,33900,31300,1740,002070,남영비비안,-1050.0,-3.143712574850299
2009-04-21,32400,31300,34950,31300,750,002070,남영비비안,50.0,0.1545595054095827
2009-04-22,32900,33250,33250,32250,570,002070,남영비비안,500.0,1.5432098765432098
2009-04-23,31800,33450,33450,31800,400,002070,남영비비안,-1100.0,-3.343465045592705
2009-04-24,31300,31750,31800,31300,940,002070,남영비비안,-500.0,-1.5723270440251573
2009-04-27,32100,31450,33950,31450,2130,002070,남영비비안,800.0,2.5559105431309903
2009-04-28,35300,34350,36900,31700,5560,002070,남영비비안,3200.0,9.968847352024921
2009-04-29,34350,33000,35300,33000,1384,002070,남영비비안,-950.0,-2.6912181303116145
2009-04-30,37750,33450,37950,33000,4890,002070,남영비비안,3400.0,9.8981077147016
2009-05-04,36050,37750,40850,35750,1610,002070,남영비비안,-1700.0,-4.503311258278146
2009-05-06,35000,36000,36000,34550,1052,002070,남영비비안,-1050.0,-2.912621359223301
2009-05-07,35400,34500,36950,34500,1990,002070,남영비비안,400.0,1.1428571428571428
2009-05-08,34850,36950,36950,34250,541,002070,남영비비안,-550.0,-1.5536723163841808
2009-05-11,35100,37450,37450,35000,1440,002070,남영비비안,250.0,0.7173601147776184
2009-05-12,34850,36900,36900,34400,600,002070,남영비비안,-250.0,-0.7122507122507122
2009-05-13,34800,35250,35250,34050,150,002070,남영비비안,-50.0,-0.1434720229555237
2009-05-14,35150,38850,38850,32300,1530,002070,남영비비안,350.0,1.0057471264367817
2009-05-15,35150,35850,35850,34450,1110,002070,남영비비안,0.0,0.0
2009-05-18,34950,35000,35900,33550,760,002070,남영비비안,-200.0,-0.5689900426742532
2009-05-19,35500,35950,35950,34350,680,002070,남영비비안,550.0,1.5736766809728182
2009-05-20,35500,34600,35500,34600,60,002070,남영비비안,0.0,0.0
2009-05-21,35100,35450,35450,34800,60,002070,남영비비안,-400.0,-1.1267605633802817
2009-05-22,36150,37800,37800,34350,2170,002070,남영비비안,1050.0,2.9914529914529915
2009-05-25,35450,35100,35550,32100,1400,002070,남영비비안,-700.0,-1.9363762102351314
2009-05-26,34900,37300,37300,33950,320,002070,남영비비안,-550.0,-1.5514809590973202
2009-05-27,35500,34900,37450,33350,2290,002070,남영비비안,600.0,1.7191977077363898
2009-05-28,35300,34500,35500,33600,1020,002070,남영비비안,-200.0,-0.5633802816901409
2009-05-29,34050,36850,36850,34050,516,002070,남영비비안,-1250.0,-3.5410764872521248
2009-06-01,35250,33950,35500,33150,1630,002070,남영비비안,1200.0,3.524229074889868
2009-06-02,34550,35800,37450,34150,1140,002070,남영비비안,-700.0,-1.9858156028368796
2009-06-03,34900,36350,36350,33600,2020,002070,남영비비안,350.0,1.0130246020260492
2009-06-04,33800,35900,36750,33800,882,002070,남영비비안,-1100.0,-3.151862464183381
2009-06-05,33400,35000,35000,32750,1290,002070,남영비비안,-400.0,-1.183431952662722
2009-06-08,34250,33900,37000,33000,1370,002070,남영비비안,850.0,2.5449101796407185
2009-06-09,33700,33600,34200,33450,1280,002070,남영비비안,-550.0,-1.6058394160583942
2009-06-10,34350,34950,35800,32500,1600,002070,남영비비안,650.0,1.9287833827893175
2009-06-11,34650,35200,36650,34000,460,002070,남영비비안,300.0,0.8733624454148471
2009-06-12,33350,34900,34900,33350,1270,002070,남영비비안,-1300.0,-3.751803751803752
2009-06-15,33200,34500,34500,33200,1100,002070,남영비비안,-150.0,-0.4497751124437781
2009-06-16,33300,32250,33350,32250,2050,002070,남영비비안,100.0,0.30120481927710846
2009-06-17,32750,32900,33350,32400,4050,002070,남영비비안,-550.0,-1.6516516516516515
2009-06-18,33100,32750,34800,32750,1120,002070,남영비비안,350.0,1.0687022900763359
2009-06-19,32650,33250,33250,32550,90,002070,남영비비안,-450.0,-1.3595166163141994
2009-06-22,33100,34500,34500,32950,2030,002070,남영비비안,450.0,1.3782542113323124
2009-06-23,32700,35100,35100,32700,960,002070,남영비비안,-400.0,-1.2084592145015105
2009-06-24,32600,33250,33250,32600,450,002070,남영비비안,-100.0,-0.3058103975535168
2009-06-25,32650,32350,33250,32350,43,002070,남영비비안,50.0,0.15337423312883436
2009-06-26,32650,33500,33500,32600,1263,002070,남영비비안,0.0,0.0
2009-06-29,33050,33000,34500,32200,880,002070,남영비비안,400.0,1.2251148545176112
2009-06-30,33400,35650,35650,32800,1900,002070,남영비비안,350.0,1.059001512859304
2009-07-01,33300,33250,33300,32500,1670,002070,남영비비안,-100.0,-0.29940119760479045
2009-07-02,32950,33000,33000,32750,610,002070,남영비비안,-350.0,-1.0510510510510511
2009-07-03,33500,32650,34850,32650,480,002070,남영비비안,550.0,1.669195751138088
2009-07-06,33700,34900,36150,33150,350,002070,남영비비안,200.0,0.5970149253731344
2009-07-07,32850,33700,35900,32600,1404,002070,남영비비안,-850.0,-2.522255192878338
2009-07-08,33750,33350,34850,32650,1060,002070,남영비비안,900.0,2.73972602739726
2009-07-09,33150,32900,34050,32800,940,002070,남영비비안,-600.0,-1.7777777777777777
2009-07-10,34400,35500,35500,33200,780,002070,남영비비안,1250.0,3.770739064856712
2009-07-13,34250,34250,34250,34250,100,002070,남영비비안,-150.0,-0.436046511627907
2009-07-14,34050,33800,34050,33800,60,002070,남영비비안,-200.0,-0.583941605839416
2009-07-15,33550,34000,34050,32650,310,002070,남영비비안,-500.0,-1.4684287812041115
2009-07-16,35900,33550,35900,33300,290,002070,남영비비안,2350.0,7.004470938897168
2009-07-17,34850,33400,36000,33400,2590,002070,남영비비안,-1050.0,-2.9247910863509747
2009-07-20,35150,35850,35850,34900,631,002070,남영비비안,300.0,0.860832137733142
2009-07-21,37000,36200,37450,35400,1200,002070,남영비비안,1850.0,5.263157894736842
2009-07-22,37050,36950,37700,36700,1420,002070,남영비비안,50.0,0.13513513513513514
2009-07-23,37700,38350,38350,35850,640,002070,남영비비안,650.0,1.7543859649122806
2009-07-24,37750,37050,40700,36900,554,002070,남영비비안,50.0,0.1326259946949602
2009-07-27,38200,39200,39200,38000,490,002070,남영비비안,450.0,1.1920529801324504
2009-07-28,37500,36250,39500,36250,290,002070,남영비비안,-700.0,-1.832460732984293
2009-07-29,38650,37000,39500,36500,1704,002070,남영비비안,1150.0,3.0666666666666664
2009-07-30,39550,39300,40400,39050,630,002070,남영비비안,900.0,2.3285899094437257
2009-07-31,38950,39150,39150,38950,210,002070,남영비비안,-600.0,-1.5170670037926675
2009-08-03,38950,39000,39000,38950,170,002070,남영비비안,0.0,0.0
2009-08-04,42400,38850,44000,38850,4205,002070,남영비비안,3450.0,8.857509627727858
2009-08-05,42500,43700,43700,42500,230,002070,남영비비안,100.0,0.2358490566037736
2009-08-06,42000,42000,42000,40850,500,002070,남영비비안,-500.0,-1.1764705882352942
2009-08-07,44100,42200,47400,42200,570,002070,남영비비안,2100.0,5.0
2009-08-10,41400,42000,45200,41400,891,002070,남영비비안,-2700.0,-6.122448979591836
2009-08-11,41900,44300,44300,40050,900,002070,남영비비안,500.0,1.2077294685990339
2009-08-12,42350,42900,43050,42350,860,002070,남영비비안,450.0,1.0739856801909307
2009-08-13,42100,42300,42350,42100,1080,002070,남영비비안,-250.0,-0.5903187721369539
2009-08-14,43350,43650,43650,43350,450,002070,남영비비안,1250.0,2.9691211401425175
2009-08-17,41900,42300,42300,41900,390,002070,남영비비안,-1450.0,-3.3448673587081887
2009-08-18,42900,43000,43450,40000,5340,002070,남영비비안,1000.0,2.386634844868735
2009-08-19,42550,42900,42900,40550,280,002070,남영비비안,-350.0,-0.8158508158508158
2009-08-20,42050,42400,43150,41500,100,002070,남영비비안,-500.0,-1.1750881316098707
2009-08-21,41350,41100,42100,41100,90,002070,남영비비안,-700.0,-1.6646848989298455
2009-08-24,41350,40200,41800,40200,290,002070,남영비비안,0.0,0.0
2009-08-25,42950,40250,44850,40250,660,002070,남영비비안,1600.0,3.869407496977025
2009-08-26,43650,41900,45750,41900,1890,002070,남영비비안,700.0,1.629802095459837
2009-08-27,42450,44250,44250,42050,290,002070,남영비비안,-1200.0,-2.7491408934707904
2009-08-28,44150,41500,44300,41500,620,002070,남영비비안,1700.0,4.004711425206125
2009-08-31,44200,45500,45500,40550,3350,002070,남영비비안,50.0,0.11325028312570783
2009-09-01,42300,42550,42600,42250,130,002070,남영비비안,-1900.0,-4.298642533936651
2009-09-02,41200,41500,45350,40000,1800,002070,남영비비안,-1100.0,-2.6004728132387704
2009-09-03,41000,41200,43850,40700,460,002070,남영비비안,-200.0,-0.48543689320388345
2009-09-04,41200,40400,42100,39400,1100,002070,남영비비안,200.0,0.4878048780487805
2009-09-07,39050,39550,40450,38850,1110,002070,남영비비안,-2150.0,-5.218446601941747
2009-09-08,39850,39000,39850,38600,1010,002070,남영비비안,800.0,2.0486555697823303
2009-09-09,39850,41100,41100,39050,400,002070,남영비비안,0.0,0.0
2009-09-10,39200,41050,41050,39200,170,002070,남영비비안,-650.0,-1.631116687578419
2009-09-11,39450,40300,40300,39350,150,002070,남영비비안,250.0,0.6377551020408163
2009-09-14,39800,38000,40200,38000,470,002070,남영비비안,350.0,0.8871989860583016
2009-09-15,39800,39750,39800,38850,260,002070,남영비비안,0.0,0.0
2009-09-16,39850,39850,39850,39850,100,002070,남영비비안,50.0,0.12562814070351758
2009-09-17,39250,39850,39850,39250,60,002070,남영비비안,-600.0,-1.5056461731493098
2009-09-18,44550,37550,44550,37550,860,002070,남영비비안,5300.0,13.503184713375797
2009-09-21,41700,44300,44500,40000,1213,002070,남영비비안,-2850.0,-6.397306397306397
2009-09-22,41250,41800,41800,41250,70,002070,남영비비안,-450.0,-1.079136690647482
2009-09-23,40150,40350,41000,39700,910,002070,남영비비안,-1100.0,-2.666666666666667
2009-09-24,40000,39050,41000,39050,410,002070,남영비비안,-150.0,-0.37359900373599003
2009-09-25,40000,39700,40050,39700,110,002070,남영비비안,0.0,0.0
2009-09-28,40300,42450,42450,39200,130,002070,남영비비안,300.0,0.75
2009-09-29,39900,39500,40100,39450,42,002070,남영비비안,-400.0,-0.9925558312655087
2009-09-30,39800,39650,40950,38150,1470,002070,남영비비안,-100.0,-0.2506265664160401
2009-10-01,38950,39700,39700,38950,45,002070,남영비비안,-850.0,-2.135678391959799
2009-10-05,38300,38550,38600,38300,60,002070,남영비비안,-650.0,-1.6688061617458279
2009-10-06,38400,38250,39700,38250,350,002070,남영비비안,100.0,0.26109660574412535
2009-10-07,40300,38400,40750,38000,530,002070,남영비비안,1900.0,4.947916666666666
2009-10-08,40150,39200,40150,39200,110,002070,남영비비안,-150.0,-0.37220843672456577
2009-10-09,39550,39200,39550,38500,550,002070,남영비비안,-600.0,-1.4943960149439601
2009-10-12,38450,38650,38850,38450,380,002070,남영비비안,-1100.0,-2.781289506953224
2009-10-13,37000,38000,38000,36750,724,002070,남영비비안,-1450.0,-3.7711313394018204
2009-10-14,37250,37650,37650,37000,90,002070,남영비비안,250.0,0.6756756756756757
2009-10-15,37000,37000,37000,36900,260,002070,남영비비안,-250.0,-0.6711409395973155
2009-10-16,36700,36700,36700,36350,130,002070,남영비비안,-300.0,-0.8108108108108109
2009-10-19,36000,36000,36150,36000,41,002070,남영비비안,-700.0,-1.9073569482288828
2009-10-20,35900,35250,37450,35250,420,002070,남영비비안,-100.0,-0.2777777777777778
2009-10-21,35900,35650,35900,35550,423,002070,남영비비안,0.0,0.0
2009-10-22,37800,35100,37800,35100,200,002070,남영비비안,1900.0,5.2924791086350975
2009-10-23,37000,36700,37500,36250,380,002070,남영비비안,-800.0,-2.1164021164021163
2009-10-26,36000,36000,36000,36000,470,002070,남영비비안,-1000.0,-2.7027027027027026
2009-10-27,35950,36000,36000,34900,480,002070,남영비비안,-50.0,-0.1388888888888889
2009-10-28,37900,36000,37900,34050,200,002070,남영비비안,1950.0,5.4242002781641165
2009-10-29,36700,36250,36850,34550,210,002070,남영비비안,-1200.0,-3.16622691292876
2009-10-30,37100,36450,37450,35100,860,002070,남영비비안,400.0,1.08991825613079
2009-11-02,36650,36900,36900,36650,60,002070,남영비비안,-450.0,-1.2129380053908356
2009-11-03,35950,35950,35950,35950,50,002070,남영비비안,-700.0,-1.9099590723055935
2009-11-04,35350,33750,35950,33750,520,002070,남영비비안,-600.0,-1.6689847009735743
2009-11-05,35900,36850,36850,34400,450,002070,남영비비안,550.0,1.5558698727015559
2009-11-06,36450,35150,36450,35150,200,002070,남영비비안,550.0,1.532033426183844
2009-11-09,34800,31750,35950,31750,1230,002070,남영비비안,-1650.0,-4.526748971193416
2009-11-10,34500,34900,35850,34000,561,002070,남영비비안,-300.0,-0.8620689655172413
2009-11-11,34700,35850,35850,34650,250,002070,남영비비안,200.0,0.5797101449275363
2009-11-12,34650,34650,35800,34650,140,002070,남영비비안,-50.0,-0.1440922190201729
2009-11-13,34750,34650,35550,34650,580,002070,남영비비안,100.0,0.2886002886002886
2009-11-16,35250,35750,35750,35200,450,002070,남영비비안,500.0,1.4388489208633095
2009-11-17,35800,35800,36000,35500,380,002070,남영비비안,550.0,1.5602836879432624
2009-11-18,35700,36950,36950,35400,520,002070,남영비비안,-100.0,-0.27932960893854747
2009-11-19,36050,37050,37050,35650,130,002070,남영비비안,350.0,0.9803921568627451
2009-11-20,35650,36300,36450,34700,990,002070,남영비비안,-400.0,-1.1095700416088765
2009-11-23,35200,35150,35200,35150,110,002070,남영비비안,-450.0,-1.262272089761571
2009-11-24,36350,37550,37550,35400,440,002070,남영비비안,1150.0,3.2670454545454546
2009-11-25,34700,34550,35600,34550,420,002070,남영비비안,-1650.0,-4.53920220082531
2009-11-26,34800,35500,35500,34500,70,002070,남영비비안,100.0,0.2881844380403458
2009-11-27,34750,35900,35900,34750,210,002070,남영비비안,-50.0,-0.14367816091954022
2009-11-30,37300,34550,37300,34550,810,002070,남영비비안,2550.0,7.338129496402877
2009-12-01,35650,35600,36500,35600,380,002070,남영비비안,-1650.0,-4.423592493297587
2009-12-02,35900,35650,36000,35650,610,002070,남영비비안,250.0,0.7012622720897616
2009-12-03,35900,35750,35900,35750,100,002070,남영비비안,0.0,0.0
2009-12-04,35650,36000,36000,35600,910,002070,남영비비안,-250.0,-0.6963788300835655
2009-12-07,36150,35300,36500,35300,400,002070,남영비비안,500.0,1.402524544179523
2009-12-08,36100,36100,36100,36100,0,002070,남영비비안,-50.0,-0.13831258644536654
2009-12-09,35800,35800,35800,35700,480,002070,남영비비안,-300.0,-0.8310249307479225
2009-12-10,36150,35600,36250,35600,790,002070,남영비비안,350.0,0.9776536312849162
2009-12-11,36300,35400,36350,35400,380,002070,남영비비안,150.0,0.4149377593360996
2009-12-14,36250,36300,36400,36250,600,002070,남영비비안,-50.0,-0.13774104683195593
2009-12-15,35400,36000,36000,35400,13427,002070,남영비비안,-850.0,-2.344827586206897
2009-12-16,36450,35250,36650,35250,470,002070,남영비비안,1050.0,2.9661016949152543
2009-12-17,35650,36350,36350,35650,110,002070,남영비비안,-800.0,-2.194787379972565
2009-12-18,35000,35450,35600,35000,13550,002070,남영비비안,-650.0,-1.8232819074333801
2009-12-21,35600,35350,35800,35350,523,002070,남영비비안,600.0,1.7142857142857144
2009-12-22,34800,35450,35750,34800,13100,002070,남영비비안,-800.0,-2.247191011235955
2009-12-23,34750,34750,36250,34250,9200,002070,남영비비안,-50.0,-0.14367816091954022
2009-12-24,35250,35000,35300,34800,230,002070,남영비비안,500.0,1.4388489208633095
2009-12-28,35000,35050,35050,35000,170,002070,남영비비안,-250.0,-0.7092198581560284
2009-12-29,34500,34800,34800,34500,20,002070,남영비비안,-500.0,-1.4285714285714286
2009-12-30,35800,34000,36100,34000,770,002070,남영비비안,1300.0,3.768115942028986
2010-01-04,35500,35000,35500,35000,160,002070,남영비비안,-300.0,-0.8379888268156425
2010-01-05,35400,36300,36300,35300,181,002070,남영비비안,-100.0,-0.28169014084507044
2010-01-06,35400,35000,35700,35000,720,002070,남영비비안,0.0,0.0
2010-01-07,35400,35300,36650,35000,700,002070,남영비비안,0.0,0.0
2010-01-08,35250,35250,36150,35100,1980,002070,남영비비안,-150.0,-0.423728813559322
2010-01-11,35250,35300,35300,34750,352,002070,남영비비안,0.0,0.0
2010-01-12,35900,35250,39500,35250,803,002070,남영비비안,650.0,1.8439716312056738
2010-01-13,35100,35900,36750,35100,840,002070,남영비비안,-800.0,-2.2284122562674096
2010-01-14,35150,35100,36500,35050,800,002070,남영비비안,50.0,0.14245014245014245
2010-01-15,35300,34900,36800,34900,1030,002070,남영비비안,150.0,0.42674253200568996
2010-01-18,35650,35600,35650,35000,1110,002070,남영비비안,350.0,0.9915014164305949
2010-01-19,35400,35650,35750,35000,1270,002070,남영비비안,-250.0,-0.7012622720897616
2010-01-20,35250,35400,35400,35200,250,002070,남영비비안,-150.0,-0.423728813559322
2010-01-21,35200,35250,35250,35000,180,002070,남영비비안,-50.0,-0.14184397163120568
2010-01-22,34950,35000,35000,34950,48,002070,남영비비안,-250.0,-0.7102272727272727
2010-01-25,34500,35000,35000,34500,150,002070,남영비비안,-450.0,-1.2875536480686696
2010-01-26,34500,34300,34550,34300,300,002070,남영비비안,0.0,0.0
2010-01-27,34500,34450,34500,34300,122,002070,남영비비안,0.0,0.0
2010-01-28,34500,34500,34500,34500,0,002070,남영비비안,0.0,0.0
2010-01-29,35250,34500,35250,34500,1000,002070,남영비비안,750.0,2.1739130434782608
2010-02-01,35200,35200,35200,35200,80,002070,남영비비안,-50.0,-0.14184397163120568
2010-02-02,35000,35000,35000,35000,0,002070,남영비비안,-200.0,-0.5681818181818182
2010-02-03,36450,35200,38600,35200,14100,002070,남영비비안,1450.0,4.142857142857142
2010-02-04,35600,36450,38900,35600,1606,002070,남영비비안,-850.0,-2.3319615912208507
2010-02-05,35900,34000,36250,33200,1240,002070,남영비비안,300.0,0.8426966292134831
2010-02-08,35850,36050,36050,35000,74,002070,남영비비안,-50.0,-0.1392757660167131
2010-02-09,35750,35900,35900,35750,20,002070,남영비비안,-100.0,-0.2789400278940028
2010-02-10,35350,35100,35350,35000,210,002070,남영비비안,-400.0,-1.118881118881119
2010-02-11,36000,35700,36000,35500,13080,002070,남영비비안,650.0,1.8387553041018387
2010-02-12,36300,35400,36300,35400,7530,002070,남영비비안,300.0,0.8333333333333334
2010-02-16,35400,36300,36300,35400,240,002070,남영비비안,-900.0,-2.479338842975207
2010-02-17,35400,35400,35400,35350,430,002070,남영비비안,0.0,0.0
2010-02-18,35200,35200,35200,35200,20,002070,남영비비안,-200.0,-0.5649717514124294
2010-02-19,35950,35100,35950,35100,270,002070,남영비비안,750.0,2.130681818181818
2010-02-22,36350,35250,37450,35250,270,002070,남영비비안,400.0,1.1126564673157162
2010-02-23,35900,36250,37250,35750,480,002070,남영비비안,-450.0,-1.2379642365887207
2010-02-24,35800,36950,36950,35600,120,002070,남영비비안,-100.0,-0.2785515320334262
2010-02-25,35300,35800,35800,35300,13150,002070,남영비비안,-500.0,-1.3966480446927374
2010-02-26,35600,37000,37000,35600,320,002070,남영비비안,300.0,0.84985835694051
2010-03-02,36300,36300,36300,36300,50,002070,남영비비안,700.0,1.9662921348314606
2010-03-03,36100,36100,36100,36100,0,002070,남영비비안,-200.0,-0.5509641873278237
2010-03-04,36100,36100,36100,36100,0,002070,남영비비안,0.0,0.0
2010-03-05,40000,37000,41500,37000,15860,002070,남영비비안,3900.0,10.80332409972299
2010-03-08,38700,39500,39650,38100,2230,002070,남영비비안,-1300.0,-3.25
2010-03-09,37750,37550,39300,37550,2334,002070,남영비비안,-950.0,-2.454780361757106
2010-03-10,37150,37400,38200,36850,2020,002070,남영비비안,-600.0,-1.5894039735099337
2010-03-11,37050,36700,37150,36600,860,002070,남영비비안,-100.0,-0.2691790040376851
2010-03-12,37050,37000,37050,36750,700,002070,남영비비안,0.0,0.0
2010-03-15,38250,37050,38250,36800,1074,002070,남영비비안,1200.0,3.2388663967611335
2010-03-16,38600,37900,38600,37800,790,002070,남영비비안,350.0,0.9150326797385622
2010-03-17,39000,39700,39700,37900,960,002070,남영비비안,400.0,1.0362694300518136
2010-03-18,39650,39900,39900,38700,500,002070,남영비비안,650.0,1.6666666666666667
2010-03-19,39750,38650,39900,38650,1030,002070,남영비비안,100.0,0.25220680958385877
2010-03-22,40300,39700,41000,39500,810,002070,남영비비안,550.0,1.3836477987421385
2010-03-23,41700,40800,42650,40400,1290,002070,남영비비안,1400.0,3.4739454094292808
2010-03-24,41800,41900,42300,41500,1160,002070,남영비비안,100.0,0.2398081534772182
2010-03-25,42700,42200,43100,41900,1440,002070,남영비비안,900.0,2.15311004784689
2010-03-26,46200,42700,46750,42650,1796,002070,남영비비안,3500.0,8.19672131147541
2010-03-29,44800,48300,48300,44800,165,002070,남영비비안,-1400.0,-3.0303030303030303
2010-03-30,44450,45950,46050,43300,1584,002070,남영비비안,-350.0,-0.78125
2010-03-31,45450,45450,46000,44250,1061,002070,남영비비안,1000.0,2.249718785151856
2010-04-01,46500,46000,48000,45150,1552,002070,남영비비안,1050.0,2.31023102310231
2010-04-02,46500,45650,48500,45650,320,002070,남영비비안,0.0,0.0
2010-04-05,46800,47500,47500,45350,540,002070,남영비비안,300.0,0.6451612903225806
2010-04-06,46800,46800,48500,46300,660,002070,남영비비안,0.0,0.0
2010-04-07,46000,46800,47650,46000,296,002070,남영비비안,-800.0,-1.7094017094017095
2010-04-08,46900,46800,48250,46800,224,002070,남영비비안,900.0,1.956521739130435
2010-04-09,46750,45650,46950,45650,170,002070,남영비비안,-150.0,-0.31982942430703626
2010-04-12,47050,46400,48400,45700,700,002070,남영비비안,300.0,0.6417112299465241
2010-04-13,48400,46000,48600,46000,710,002070,남영비비안,1350.0,2.869287991498406
2010-04-14,45800,47700,48150,45000,2332,002070,남영비비안,-2600.0,-5.371900826446281
2010-04-15,45500,45100,45900,44950,1620,002070,남영비비안,-300.0,-0.6550218340611353
2010-04-16,45200,45200,46000,45000,250,002070,남영비비안,-300.0,-0.6593406593406593
2010-04-19,43600,45800,45800,43000,2170,002070,남영비비안,-1600.0,-3.5398230088495577
2010-04-20,47850,43400,47850,43000,1370,002070,남영비비안,4250.0,9.747706422018348
2010-04-21,46500,46000,47400,44300,1600,002070,남영비비안,-1350.0,-2.8213166144200628
2010-04-22,48400,47350,48400,45850,1621,002070,남영비비안,1900.0,4.086021505376344
2010-04-23,46850,48700,48700,46200,630,002070,남영비비안,-1550.0,-3.202479338842975
2010-04-26,47000,48600,48600,46700,1040,002070,남영비비안,150.0,0.32017075773745995
2010-04-27,46750,47000,47000,46000,1170,002070,남영비비안,-250.0,-0.5319148936170213
2010-04-28,46750,0,0,0,0,002070,남영비비안,0.0,0.0
2010-04-29,46750,0,0,0,0,002070,남영비비안,0.0,0.0
2010-04-30,46750,0,0,0,0,002070,남영비비안,0.0,0.0
2010-05-03,46750,0,0,0,0,002070,남영비비안,0.0,0.0
2010-05-04,46750,0,0,0,0,002070,남영비비안,0.0,0.0
2010-05-06,46750,0,0,0,0,002070,남영비비안,0.0,0.0
2010-05-07,46750,0,0,0,0,002070,남영비비안,0.0,0.0
2010-05-10,46750,0,0,0,0,002070,남영비비안,0.0,0.0
2010-05-11,46750,0,0,0,0,002070,남영비비안,0.0,0.0
2010-05-12,46750,0,0,0,0,002070,남영비비안,0.0,0.0
2010-05-13,8590,8720,9560,7950,24105,002070,남영비비안,-38160.0,-81.62566844919786
2010-05-14,8100,8410,8650,8000,13190,002070,남영비비안,-490.0,-5.70430733410943
2010-05-17,7780,8250,8250,7620,12830,002070,남영비비안,-320.0,-3.950617283950617
2010-05-18,7800,7780,7910,7600,4921,002070,남영비비안,20.0,0.2570694087403599
2010-05-19,7620,7600,7700,7450,3020,002070,남영비비안,-180.0,-2.307692307692308
2010-05-20,7690,7610,7890,7470,3636,002070,남영비비안,70.0,0.9186351706036745
2010-05-24,7690,7650,7690,7480,1390,002070,남영비비안,0.0,0.0
2010-05-25,7200,7690,7700,7040,4370,002070,남영비비안,-490.0,-6.371911573472041
2010-05-26,7300,7600,7600,7020,910,002070,남영비비안,100.0,1.3888888888888888
2010-05-27,7470,7300,7500,7300,2300,002070,남영비비안,170.0,2.328767123287671
2010-05-28,7600,7600,7760,7550,830,002070,남영비비안,130.0,1.7402945113788488
2010-05-31,7900,7690,7970,7690,3720,002070,남영비비안,300.0,3.9473684210526314
2010-06-01,8060,7900,8460,7900,910,002070,남영비비안,160.0,2.0253164556962027
2010-06-03,8000,8090,8330,8000,3770,002070,남영비비안,-60.0,-0.7444168734491315
2010-06-04,8180,8160,8180,8000,151,002070,남영비비안,180.0,2.25
2010-06-07,8170,7450,8180,7450,330,002070,남영비비안,-10.0,-0.12224938875305623
2010-06-08,7850,8030,8030,7800,10682,002070,남영비비안,-320.0,-3.9167686658506726
2010-06-09,7970,8070,8070,7890,140,002070,남영비비안,120.0,1.5286624203821657
2010-06-10,7990,7970,8000,7760,880,002070,남영비비안,20.0,0.2509410288582183
2010-06-11,8100,8100,8130,8100,230,002070,남영비비안,110.0,1.376720901126408
2010-06-14,8100,8090,8200,7820,6460,002070,남영비비안,0.0,0.0
2010-06-15,8100,8100,8100,7830,1850,002070,남영비비안,0.0,0.0
2010-06-16,8130,8150,8180,8010,1030,002070,남영비비안,30.0,0.3703703703703704
2010-06-17,8200,7950,8250,7940,2030,002070,남영비비안,70.0,0.8610086100861009
2010-06-18,8220,8430,8430,7990,5745,002070,남영비비안,20.0,0.24390243902439024
2010-06-21,8220,8260,8260,8210,5740,002070,남영비비안,0.0,0.0
2010-06-22,8220,8270,8270,8110,860,002070,남영비비안,0.0,0.0
2010-06-23,8330,8210,8430,8200,950,002070,남영비비안,110.0,1.338199513381995
2010-06-24,8330,8260,8330,8120,1810,002070,남영비비안,0.0,0.0
2010-06-25,8370,8460,8460,8260,1570,002070,남영비비안,40.0,0.4801920768307323
2010-06-28,8300,8200,8370,8200,3274,002070,남영비비안,-70.0,-0.8363201911589008
2010-06-29,9340,8300,9350,8300,7790,002070,남영비비안,1040.0,12.530120481927712
2010-06-30,9920,9330,9970,8500,13320,002070,남영비비안,580.0,6.209850107066381
2010-07-01,9770,9980,9980,9570,1584,002070,남영비비안,-150.0,-1.5120967741935485
2010-07-02,9740,9600,9790,9530,580,002070,남영비비안,-30.0,-0.3070624360286591
2010-07-05,9550,9370,9790,9300,2420,002070,남영비비안,-190.0,-1.9507186858316223
2010-07-06,9190,8780,9590,8780,1360,002070,남영비비안,-360.0,-3.769633507853403
2010-07-07,8660,9400,9400,8500,5012,002070,남영비비안,-530.0,-5.767138193688792
2010-07-08,8600,8790,8790,8600,1760,002070,남영비비안,-60.0,-0.6928406466512702
2010-07-09,8560,8630,8990,8560,1564,002070,남영비비안,-40.0,-0.46511627906976744
2010-07-12,8760,8610,8800,8610,706,002070,남영비비안,200.0,2.336448598130841
2010-07-13,8880,8760,8920,8620,2350,002070,남영비비안,120.0,1.36986301369863
2010-07-14,8560,9150,9460,8550,6460,002070,남영비비안,-320.0,-3.6036036036036037
2010-07-15,8610,8560,8680,8510,2040,002070,남영비비안,50.0,0.5841121495327103
2010-07-16,8440,8900,8900,8300,3431,002070,남영비비안,-170.0,-1.9744483159117305
2010-07-19,8400,8450,8500,8130,5790,002070,남영비비안,-40.0,-0.47393364928909953
2010-07-20,8280,8380,8480,8280,1630,002070,남영비비안,-120.0,-1.4285714285714286
2010-07-21,8300,8310,8400,8300,2421,002070,남영비비안,20.0,0.24154589371980675
2010-07-22,8230,8250,8370,8170,1230,002070,남영비비안,-70.0,-0.8433734939759037
2010-07-23,8270,8210,8330,8130,2260,002070,남영비비안,40.0,0.48602673147023084
2010-07-26,8320,8530,8530,8270,1361,002070,남영비비안,50.0,0.6045949214026602
2010-07-27,8570,8610,8610,8300,4160,002070,남영비비안,250.0,3.0048076923076925
2010-07-28,8630,8560,8800,8500,720,002070,남영비비안,60.0,0.7001166861143524
2010-07-29,8700,8590,8780,8540,1281,002070,남영비비안,70.0,0.8111239860950173
2010-07-30,8750,8750,8750,8460,4381,002070,남영비비안,50.0,0.5747126436781609
2010-08-02,8870,8800,8870,8610,170,002070,남영비비안,120.0,1.3714285714285714
2010-08-03,8800,8500,8800,8500,160,002070,남영비비안,-70.0,-0.7891770011273956
2010-08-04,8760,8760,8760,8760,10,002070,남영비비안,-40.0,-0.45454545454545453
2010-08-05,8230,8770,8770,8160,1878,002070,남영비비안,-530.0,-6.050228310502283
2010-08-06,8170,8230,8460,8050,1865,002070,남영비비안,-60.0,-0.7290400972053462
2010-08-09,8250,8380,8380,8250,1460,002070,남영비비안,80.0,0.9791921664626682
2010-08-10,8340,8250,8390,8190,222,002070,남영비비안,90.0,1.090909090909091
2010-08-11,8230,8160,8280,8160,580,002070,남영비비안,-110.0,-1.3189448441247003
2010-08-12,8290,8240,8300,8200,4812,002070,남영비비안,60.0,0.7290400972053462
2010-08-13,8330,8290,8380,8160,230,002070,남영비비안,40.0,0.48250904704463204
2010-08-16,8320,8390,8390,8060,2100,002070,남영비비안,-10.0,-0.12004801920768307
2010-08-17,8180,8430,8430,8130,910,002070,남영비비안,-140.0,-1.6826923076923077
2010-08-18,8210,8190,8290,8060,2080,002070,남영비비안,30.0,0.36674816625916873
2010-08-19,8290,8210,8290,8210,4700,002070,남영비비안,80.0,0.9744214372716199
2010-08-20,8120,8500,8500,8120,480,002070,남영비비안,-170.0,-2.0506634499396865
2010-08-23,8140,8140,8220,8020,5560,002070,남영비비안,20.0,0.24630541871921183
2010-08-24,8140,8160,8300,8140,200,002070,남영비비안,0.0,0.0
2010-08-25,7870,8120,8120,7870,1370,002070,남영비비안,-270.0,-3.3169533169533167
2010-08-26,7870,7870,7870,7870,20,002070,남영비비안,0.0,0.0
2010-08-27,7810,7750,7950,7740,310,002070,남영비비안,-60.0,-0.7623888182973316
2010-08-30,8120,7900,8120,7500,1650,002070,남영비비안,310.0,3.969270166453265
2010-08-31,8550,8120,8590,8120,90,002070,남영비비안,430.0,5.295566502463054
2010-09-01,8270,8290,8500,8270,160,002070,남영비비안,-280.0,-3.274853801169591
2010-09-02,8280,8360,8360,8150,180,002070,남영비비안,10.0,0.12091898428053204
2010-09-03,8350,8170,8350,8160,110,002070,남영비비안,70.0,0.8454106280193237
2010-09-06,8350,8350,8350,8350,100,002070,남영비비안,0.0,0.0
2010-09-07,7990,8000,8000,7990,185,002070,남영비비안,-360.0,-4.311377245508982
2010-09-08,8000,7900,8090,7900,3738,002070,남영비비안,10.0,0.1251564455569462
2010-09-09,8260,8000,8260,7970,150,002070,남영비비안,260.0,3.25
2010-09-10,7990,8250,8250,7990,423,002070,남영비비안,-270.0,-3.2687651331719128
2010-09-13,8130,8160,8160,7980,2460,002070,남영비비안,140.0,1.7521902377972465
2010-09-14,8100,8160,8160,7950,1720,002070,남영비비안,-30.0,-0.36900369003690037
2010-09-15,7800,8100,8180,7800,398,002070,남영비비안,-300.0,-3.7037037037037033
2010-09-16,7850,7840,7870,7840,44710,002070,남영비비안,50.0,0.641025641025641
2010-09-17,8090,8100,8120,8090,580,002070,남영비비안,240.0,3.0573248407643314
2010-09-20,8090,7980,8090,7980,272,002070,남영비비안,0.0,0.0
2010-09-24,8100,8100,8100,8100,20,002070,남영비비안,10.0,0.12360939431396785
2010-09-27,8350,8040,8400,8030,7300,002070,남영비비안,250.0,3.0864197530864197
2010-09-28,8250,8330,8330,8250,960,002070,남영비비안,-100.0,-1.1976047904191618
2010-09-29,8250,8300,8300,8230,70,002070,남영비비안,0.0,0.0
2010-09-30,8320,8210,8320,8200,6850,002070,남영비비안,70.0,0.8484848484848486
2010-10-01,8160,8320,8330,8160,160,002070,남영비비안,-160.0,-1.9230769230769231
2010-10-04,8190,8170,8230,8030,490,002070,남영비비안,30.0,0.3676470588235294
2010-10-05,8120,8190,8190,8060,1040,002070,남영비비안,-70.0,-0.8547008547008548
2010-10-06,8120,8210,8210,8120,960,002070,남영비비안,0.0,0.0
2010-10-07,8160,8100,8190,8100,2162,002070,남영비비안,40.0,0.49261083743842365
2010-10-08,8190,8160,8190,8160,1740,002070,남영비비안,30.0,0.3676470588235294
2010-10-11,8300,8190,8420,8190,2560,002070,남영비비안,110.0,1.3431013431013432
2010-10-12,8180,8290,8290,8130,1900,002070,남영비비안,-120.0,-1.4457831325301205
2010-10-13,8180,8130,8180,8130,1230,002070,남영비비안,0.0,0.0
2010-10-14,8100,8150,8200,8100,3380,002070,남영비비안,-80.0,-0.9779951100244498
2010-10-15,8030,8330,8330,7990,4891,002070,남영비비안,-70.0,-0.8641975308641975
2010-10-18,8000,8060,8070,7990,5000,002070,남영비비안,-30.0,-0.37359900373599003
2010-10-19,8050,8150,8150,8000,2220,002070,남영비비안,50.0,0.625
2010-10-20,7950,8000,8000,7930,1220,002070,남영비비안,-100.0,-1.2422360248447204
2010-10-21,7840,7980,7980,7800,1770,002070,남영비비안,-110.0,-1.3836477987421385
2010-10-22,7950,7870,7950,7850,4370,002070,남영비비안,110.0,1.403061224489796
2010-10-25,7970,7830,8000,7810,1190,002070,남영비비안,20.0,0.25157232704402516
2010-10-26,7960,8100,8100,7890,1116,002070,남영비비안,-10.0,-0.12547051442910914
2010-10-27,7960,8800,8800,7950,14580,002070,남영비비안,0.0,0.0
2010-10-28,7970,8010,8010,7900,11591,002070,남영비비안,10.0,0.12562814070351758
2010-10-29,7990,7940,8000,7940,7044,002070,남영비비안,20.0,0.2509410288582183
2010-11-01,7980,7960,8000,7860,4010,002070,남영비비안,-10.0,-0.1251564455569462
2010-11-02,8020,7980,8020,7950,1030,002070,남영비비안,40.0,0.5012531328320802
2010-11-03,8010,7960,8010,7950,980,002070,남영비비안,-10.0,-0.12468827930174563
2010-11-04,7960,8020,8020,7960,1580,002070,남영비비안,-50.0,-0.6242197253433208
2010-11-05,8010,8020,8020,7940,3920,002070,남영비비안,50.0,0.628140703517588
2010-11-08,8000,7890,8000,7890,4130,002070,남영비비안,-10.0,-0.12484394506866417
2010-11-09,7990,7930,8000,7910,1960,002070,남영비비안,-10.0,-0.125
2010-11-10,8010,8020,8020,7900,2290,002070,남영비비안,20.0,0.2503128911138924
2010-11-11,8000,8010,8030,7900,6130,002070,남영비비안,-10.0,-0.12484394506866417
2010-11-12,7850,8000,8000,7810,2456,002070,남영비비안,-150.0,-1.875
2010-11-15,7940,7850,7940,7810,570,002070,남영비비안,90.0,1.1464968152866242
2010-11-16,7890,7930,7930,7840,3190,002070,남영비비안,-50.0,-0.6297229219143577
2010-11-17,7890,7790,7900,7790,1410,002070,남영비비안,0.0,0.0
2010-11-18,7930,7900,7930,7850,360,002070,남영비비안,40.0,0.5069708491761723
2010-11-19,7940,7900,7940,7900,535,002070,남영비비안,10.0,0.12610340479192939
2010-11-22,7940,7940,8010,7940,2700,002070,남영비비안,0.0,0.0
2010-11-23,7910,7940,7950,7910,750,002070,남영비비안,-30.0,-0.3778337531486146
2010-11-24,7880,7900,7900,7880,480,002070,남영비비안,-30.0,-0.37926675094816686
2010-11-25,7900,7860,7900,7860,531,002070,남영비비안,20.0,0.25380710659898476
2010-11-26,7830,7820,7870,7820,1320,002070,남영비비안,-70.0,-0.8860759493670887
2010-11-29,7860,7780,7930,7700,1480,002070,남영비비안,30.0,0.38314176245210724
2010-11-30,8010,7700,8010,7600,11730,002070,남영비비안,150.0,1.9083969465648856
2010-12-01,7890,7950,7950,7830,80,002070,남영비비안,-120.0,-1.4981273408239701
2010-12-02,7790,7890,7890,7790,50,002070,남영비비안,-100.0,-1.2674271229404308
2010-12-03,7850,7840,7850,7780,560,002070,남영비비안,60.0,0.7702182284980745
2010-12-06,7850,7750,7850,7750,520,002070,남영비비안,0.0,0.0
2010-12-07,7900,7890,7900,7890,380,002070,남영비비안,50.0,0.6369426751592357
2010-12-08,7800,7900,7900,7800,610,002070,남영비비안,-100.0,-1.2658227848101267
2010-12-09,7870,7800,7870,7760,5361,002070,남영비비안,70.0,0.8974358974358974
2010-12-10,7930,7890,7940,7890,2480,002070,남영비비안,60.0,0.7623888182973316
2010-12-13,7940,7940,7940,7940,50,002070,남영비비안,10.0,0.12610340479192939
2010-12-14,8000,7990,8020,7800,4483,002070,남영비비안,60.0,0.7556675062972292
2010-12-15,8000,8000,8000,8000,65010,002070,남영비비안,0.0,0.0
2010-12-16,8020,8030,8100,8020,68320,002070,남영비비안,20.0,0.25
2010-12-17,8020,8050,8050,7950,440,002070,남영비비안,0.0,0.0
2010-12-20,7920,8050,8180,7920,3770,002070,남영비비안,-100.0,-1.2468827930174564
2010-12-21,7980,7920,7980,7850,64360,002070,남영비비안,60.0,0.7575757575757576
2010-12-22,8300,7910,8300,7850,2010,002070,남영비비안,320.0,4.010025062656641
2010-12-23,8300,8100,8300,8000,4790,002070,남영비비안,0.0,0.0
2010-12-24,8400,8290,8400,8120,3083,002070,남영비비안,100.0,1.2048192771084338
2010-12-27,8500,8700,8700,8390,5310,002070,남영비비안,100.0,1.1904761904761905
2010-12-28,8600,8510,8600,8430,3070,002070,남영비비안,100.0,1.1764705882352942
2010-12-29,8860,8430,9000,8340,4610,002070,남영비비안,260.0,3.0232558139534884
2010-12-30,9300,8430,10000,8430,14360,002070,남영비비안,440.0,4.966139954853273
2011-01-03,8800,9300,9300,8780,6630,002070,남영비비안,-500.0,-5.376344086021505
2011-01-04,8860,8800,8970,8600,1250,002070,남영비비안,60.0,0.6818181818181818
2011-01-05,8810,8740,8810,8740,461,002070,남영비비안,-50.0,-0.5643340857787811
2011-01-06,8680,8800,8860,8680,1273,002070,남영비비안,-130.0,-1.4755959137343928
2011-01-07,8690,8720,8860,8680,710,002070,남영비비안,10.0,0.1152073732718894
2011-01-10,8510,8600,8600,8470,580,002070,남영비비안,-180.0,-2.0713463751438432
2011-01-11,9040,8540,9220,8540,4057,002070,남영비비안,530.0,6.227967097532315
2011-01-12,9240,9000,10000,8990,5090,002070,남영비비안,200.0,2.2123893805309733
2011-01-13,9290,9240,9310,9030,690,002070,남영비비안,50.0,0.5411255411255411
2011-01-14,9290,9140,9290,9120,2440,002070,남영비비안,0.0,0.0
2011-01-17,9400,9130,9900,9060,2130,002070,남영비비안,110.0,1.1840688912809472
2011-01-18,9500,9290,9500,9250,7070,002070,남영비비안,100.0,1.0638297872340425
2011-01-19,9780,9500,10000,9500,4290,002070,남영비비안,280.0,2.9473684210526314
2011-01-20,9990,9770,9990,9090,3390,002070,남영비비안,210.0,2.147239263803681
2011-01-21,10050,9970,10300,9900,1360,002070,남영비비안,60.0,0.6006006006006006
2011-01-24,10000,9990,10000,9850,390,002070,남영비비안,-50.0,-0.4975124378109453
2011-01-25,10000,9890,10100,9890,2550,002070,남영비비안,0.0,0.0
2011-01-26,10100,9850,10100,9850,3080,002070,남영비비안,100.0,1.0
2011-01-27,10100,9800,10100,9600,4490,002070,남영비비안,0.0,0.0
2011-01-28,10200,10000,10300,9860,2360,002070,남영비비안,100.0,0.9900990099009901
2011-01-31,10200,10300,10300,9820,9470,002070,남영비비안,0.0,0.0
2011-02-01,9750,10100,10100,9750,1400,002070,남영비비안,-450.0,-4.411764705882353
2011-02-07,9520,9720,9720,9520,151,002070,남영비비안,-230.0,-2.358974358974359
2011-02-08,8460,9500,9500,8460,40641,002070,남영비비안,-1060.0,-11.134453781512606
2011-02-09,8350,8460,8480,8330,3480,002070,남영비비안,-110.0,-1.3002364066193852
2011-02-10,8350,8350,8530,8350,760,002070,남영비비안,0.0,0.0
2011-02-11,8220,8290,8300,8220,3660,002070,남영비비안,-130.0,-1.5568862275449102
2011-02-14,8260,8220,8390,8220,65260,002070,남영비비안,40.0,0.48661800486618007
2011-02-15,8300,8260,8700,8240,6970,002070,남영비비안,40.0,0.48426150121065376
2011-02-16,8290,8100,8300,8100,7970,002070,남영비비안,-10.0,-0.12048192771084339
2011-02-17,8260,8200,8260,8100,580,002070,남영비비안,-30.0,-0.3618817852834741
2011-02-18,8190,8230,8250,8140,1470,002070,남영비비안,-70.0,-0.847457627118644
2011-02-21,8010,8190,8190,8010,1990,002070,남영비비안,-180.0,-2.197802197802198
2011-02-22,8000,8100,8300,8000,90600,002070,남영비비안,-10.0,-0.12484394506866417
2011-02-23,8000,8000,8000,7790,1960,002070,남영비비안,0.0,0.0
2011-02-24,8280,7980,8280,7980,700,002070,남영비비안,280.0,3.5000000000000004
2011-02-25,8180,8270,8420,8040,1520,002070,남영비비안,-100.0,-1.2077294685990339
2011-02-28,8770,8270,8800,8260,3751,002070,남영비비안,590.0,7.212713936430318
2011-03-02,8290,8240,8640,8240,977,002070,남영비비안,-480.0,-5.473204104903079
2011-03-03,8490,8330,8490,8330,110,002070,남영비비안,200.0,2.4125452352231602
2011-03-04,8490,8360,8490,8340,1500,002070,남영비비안,0.0,0.0
2011-03-07,8490,8480,8490,8480,50,002070,남영비비안,0.0,0.0
2011-03-08,8550,8200,8560,8200,230,002070,남영비비안,60.0,0.7067137809187279
2011-03-09,8500,8500,8500,8270,440,002070,남영비비안,-50.0,-0.5847953216374269
2011-03-10,8500,8500,8500,8500,0,002070,남영비비안,0.0,0.0
2011-03-11,8490,8490,8490,8490,0,002070,남영비비안,-10.0,-0.1176470588235294
2011-03-14,8490,8050,8490,8000,2220,002070,남영비비안,0.0,0.0
2011-03-15,8430,8540,8540,8240,190,002070,남영비비안,-60.0,-0.7067137809187279
2011-03-16,8430,8290,8430,8220,1270,002070,남영비비안,0.0,0.0
2011-03-17,8410,8300,8430,8250,960,002070,남영비비안,-20.0,-0.2372479240806643
2011-03-18,8500,8410,8500,8410,710,002070,남영비비안,90.0,1.070154577883472
2011-03-21,8500,8450,8500,8440,1100,002070,남영비비안,0.0,0.0
2011-03-22,8890,8500,8890,8450,1470,002070,남영비비안,390.0,4.588235294117647
2011-03-23,8810,8880,8880,8210,3350,002070,남영비비안,-80.0,-0.8998875140607425
2011-03-24,8890,8750,8990,8700,1480,002070,남영비비안,80.0,0.9080590238365494
2011-03-25,9160,8610,9800,8610,2750,002070,남영비비안,270.0,3.0371203599550056
2011-03-28,9190,8930,9200,8920,1413,002070,남영비비안,30.0,0.32751091703056767
2011-03-29,9500,9150,9500,9140,2010,002070,남영비비안,310.0,3.373231773667029
2011-03-30,9880,9350,10000,9020,8020,002070,남영비비안,380.0,4.0
2011-03-31,10500,9820,10500,9700,11570,002070,남영비비안,620.0,6.275303643724696
2011-04-01,9050,10500,10550,9050,35320,002070,남영비비안,-1450.0,-13.80952380952381
2011-04-04,8830,8880,8950,8720,4870,002070,남영비비안,-220.0,-2.430939226519337
2011-04-05,8990,8830,9010,8610,5356,002070,남영비비안,160.0,1.8120045300113252
2011-04-06,8820,8980,8980,8700,4530,002070,남영비비안,-170.0,-1.8909899888765296
2011-04-07,8660,8650,8950,8630,3686,002070,남영비비안,-160.0,-1.8140589569160999
2011-04-08,8820,8610,8900,8610,5036,002070,남영비비안,160.0,1.8475750577367205
2011-04-11,8880,8820,8970,8540,4174,002070,남영비비안,60.0,0.6802721088435374
2011-04-12,8810,8700,8900,8670,2760,002070,남영비비안,-70.0,-0.7882882882882882
2011-04-13,8860,8650,8860,8650,1130,002070,남영비비안,50.0,0.5675368898978433
2011-04-14,8860,8850,8860,8780,1070,002070,남영비비안,0.0,0.0
2011-04-15,8790,8800,8970,8660,890,002070,남영비비안,-70.0,-0.7900677200902935
2011-04-18,8770,8770,8810,8600,1950,002070,남영비비안,-20.0,-0.22753128555176336
2011-04-19,8750,8580,8750,8580,620,002070,남영비비안,-20.0,-0.22805017103762829
2011-04-20,8730,8750,8900,8640,870,002070,남영비비안,-20.0,-0.2285714285714286
2011-04-21,8710,8900,8900,8650,3100,002070,남영비비안,-20.0,-0.22909507445589922
2011-04-22,8710,8660,8710,8600,1960,002070,남영비비안,0.0,0.0
2011-04-25,8720,8710,8800,8710,1205,002070,남영비비안,10.0,0.1148105625717566
2011-04-26,8680,8800,8800,8610,3650,002070,남영비비안,-40.0,-0.45871559633027525
2011-04-27,8630,8600,8700,8600,4425,002070,남영비비안,-50.0,-0.5760368663594471
2011-04-28,8660,8740,8740,8560,1960,002070,남영비비안,30.0,0.34762456546929316
2011-04-29,8680,8700,8750,8530,2080,002070,남영비비안,20.0,0.23094688221709006
2011-05-02,8690,8800,8800,8600,3070,002070,남영비비안,10.0,0.1152073732718894
2011-05-03,8690,8750,8750,8620,330,002070,남영비비안,0.0,0.0
2011-05-04,8610,8740,8800,8570,1090,002070,남영비비안,-80.0,-0.9205983889528193
2011-05-06,8400,8610,8610,8320,869,002070,남영비비안,-210.0,-2.4390243902439024
2011-05-09,8410,8440,8440,8400,290,002070,남영비비안,10.0,0.11904761904761905
2011-05-11,8520,8580,8580,8420,480,002070,남영비비안,110.0,1.3079667063020213
2011-05-12,8490,8520,8520,8440,410,002070,남영비비안,-30.0,-0.35211267605633806
2011-05-13,8470,8500,8500,8420,424,002070,남영비비안,-20.0,-0.23557126030624262
2011-05-16,8450,8470,8480,8270,1132,002070,남영비비안,-20.0,-0.23612750885478156
2011-05-17,8380,8490,8490,8340,203,002070,남영비비안,-70.0,-0.8284023668639053
2011-05-18,8400,8380,8550,8360,691,002070,남영비비안,20.0,0.23866348448687352
2011-05-19,8410,8490,8490,8410,720,002070,남영비비안,10.0,0.11904761904761905
2011-05-20,8450,8440,8500,8410,460,002070,남영비비안,40.0,0.47562425683709864
2011-05-23,8370,8550,8550,8370,791,002070,남영비비안,-80.0,-0.9467455621301776
2011-05-24,8360,8490,8490,8320,350,002070,남영비비안,-10.0,-0.11947431302270012
2011-05-25,8320,8490,8490,8320,210,002070,남영비비안,-40.0,-0.4784688995215311
2011-05-26,8360,8470,8470,8350,300,002070,남영비비안,40.0,0.4807692307692308
2011-05-27,8400,8400,8430,8230,3380,002070,남영비비안,40.0,0.4784688995215311
2011-05-30,8390,8430,8450,8310,1070,002070,남영비비안,-10.0,-0.11904761904761905
2011-05-31,8570,8460,8570,8400,840,002070,남영비비안,180.0,2.1454112038140645
2011-06-01,8500,8550,8550,8370,303,002070,남영비비안,-70.0,-0.8168028004667445
2011-06-02,8410,8490,8490,8320,70,002070,남영비비안,-90.0,-1.0588235294117647
2011-06-03,8380,8440,8440,8340,510,002070,남영비비안,-30.0,-0.356718192627824
2011-06-07,8370,8200,8370,8200,340,002070,남영비비안,-10.0,-0.11933174224343676
2011-06-08,8370,8420,8420,8270,430,002070,남영비비안,0.0,0.0
2011-06-09,8300,8430,8430,8080,1290,002070,남영비비안,-70.0,-0.8363201911589008
2011-06-10,8320,8300,8370,8230,430,002070,남영비비안,20.0,0.24096385542168677
2011-06-13,8480,8320,8750,8240,2890,002070,남영비비안,160.0,1.9230769230769231
2011-06-14,8800,8490,8980,8400,830,002070,남영비비안,320.0,3.7735849056603774
2011-06-15,9090,8560,9160,8540,3750,002070,남영비비안,290.0,3.295454545454545
2011-06-16,9000,9000,9290,8860,940,002070,남영비비안,-90.0,-0.9900990099009901
2011-06-17,9000,9000,9060,8750,370,002070,남영비비안,0.0,0.0
2011-06-20,9180,9000,9500,9000,1110,002070,남영비비안,180.0,2.0
2011-06-21,9090,9180,9200,9040,410,002070,남영비비안,-90.0,-0.9803921568627451
2011-06-22,9100,9000,9450,8920,659,002070,남영비비안,10.0,0.11001100110011
2011-06-23,9360,9090,9500,8830,3200,002070,남영비비안,260.0,2.857142857142857
2011-06-24,9450,9090,9450,9090,1060,002070,남영비비안,90.0,0.9615384615384616
2011-06-27,9470,9200,9470,9200,870,002070,남영비비안,20.0,0.21164021164021166
2011-06-28,9570,9450,9570,9280,1065,002070,남영비비안,100.0,1.0559662090813093
2011-06-29,9740,9570,9800,9530,6100,002070,남영비비안,170.0,1.7763845350052248
2011-06-30,9740,9470,9750,9460,8821,002070,남영비비안,0.0,0.0
2011-07-01,9610,9680,9680,9610,30,002070,남영비비안,-130.0,-1.3347022587268993
2011-07-04,9000,9560,9560,8920,2200,002070,남영비비안,-610.0,-6.347554630593131
2011-07-05,8710,9030,9030,8610,2411,002070,남영비비안,-290.0,-3.2222222222222223
2011-07-06,8700,8710,8760,8700,560,002070,남영비비안,-10.0,-0.1148105625717566
2011-07-07,8710,8800,8800,8500,8384,002070,남영비비안,10.0,0.11494252873563218
2011-07-08,8550,8680,8680,8490,17034,002070,남영비비안,-160.0,-1.8369690011481057
2011-07-11,8490,8520,8570,8470,4189,002070,남영비비안,-60.0,-0.7017543859649122
2011-07-12,8470,8570,8570,8460,1489,002070,남영비비안,-20.0,-0.23557126030624262
2011-07-13,8530,8470,8530,8450,1925,002070,남영비비안,60.0,0.7083825265643447
2011-07-14,8530,8570,8580,8470,1520,002070,남영비비안,0.0,0.0
2011-07-15,8520,8530,8530,8460,1390,002070,남영비비안,-10.0,-0.11723329425556857
2011-07-18,8480,8560,8560,8430,420,002070,남영비비안,-40.0,-0.4694835680751174
2011-07-19,8590,8490,8590,8480,5910,002070,남영비비안,110.0,1.2971698113207548
2011-07-20,8540,8580,8580,8450,2210,002070,남영비비안,-50.0,-0.5820721769499418
2011-07-21,8550,8540,8550,8470,1110,002070,남영비비안,10.0,0.117096018735363
2011-07-22,8560,8560,8560,8490,430,002070,남영비비안,10.0,0.11695906432748539
2011-07-25,8730,8560,8900,8530,1210,002070,남영비비안,170.0,1.9859813084112148
2011-07-26,8820,8730,8820,8620,910,002070,남영비비안,90.0,1.0309278350515463
2011-07-27,8750,8810,8810,8570,1220,002070,남영비비안,-70.0,-0.7936507936507936
2011-07-28,8590,8730,8730,8570,100,002070,남영비비안,-160.0,-1.8285714285714287
2011-07-29,8680,8780,8780,8590,230,002070,남영비비안,90.0,1.0477299185098952
2011-08-01,8620,8540,8620,8490,7420,002070,남영비비안,-60.0,-0.6912442396313364
2011-08-02,8610,8600,8670,8570,4180,002070,남영비비안,-10.0,-0.11600928074245939
2011-08-03,8480,8670,8670,8450,1290,002070,남영비비안,-130.0,-1.5098722415795587
2011-08-04,8450,8490,8590,8410,2380,002070,남영비비안,-30.0,-0.3537735849056604
2011-08-05,8370,8390,8390,7820,320,002070,남영비비안,-80.0,-0.9467455621301776
2011-08-08,8080,8350,8350,7900,2460,002070,남영비비안,-290.0,-3.464755077658303
2011-08-09,7560,7890,7890,7030,1960,002070,남영비비안,-520.0,-6.435643564356436
2011-08-10,7700,7740,7810,7510,1030,002070,남영비비안,140.0,1.8518518518518516
2011-08-11,7970,7680,8500,7540,440,002070,남영비비안,270.0,3.506493506493506
2011-08-12,8020,7900,8170,7870,900,002070,남영비비안,50.0,0.6273525721455459
2011-08-16,8210,8120,8250,8000,270,002070,남영비비안,190.0,2.369077306733167
2011-08-17,8570,8210,8570,8040,3310,002070,남영비비안,360.0,4.38489646772229
2011-08-18,8370,8320,8550,8260,9630,002070,남영비비안,-200.0,-2.3337222870478413
2011-08-19,8150,8220,8220,7840,470,002070,남영비비안,-220.0,-2.6284348864994027
2011-08-22,8010,8150,8150,7900,880,002070,남영비비안,-140.0,-1.7177914110429449
2011-08-23,8100,8120,8120,7960,1455,002070,남영비비안,90.0,1.1235955056179776
2011-08-24,8030,8120,8120,8000,979,002070,남영비비안,-70.0,-0.8641975308641975
2011-08-25,7980,8120,8120,7930,180,002070,남영비비안,-50.0,-0.62266500622665
2011-08-26,8040,8130,8130,7730,2880,002070,남영비비안,60.0,0.7518796992481203
2011-08-29,8500,7930,8500,7900,1530,002070,남영비비안,460.0,5.721393034825871
2011-08-30,8390,8220,8420,8210,1460,002070,남영비비안,-110.0,-1.2941176470588236
2011-08-31,8540,8230,8550,8190,2000,002070,남영비비안,150.0,1.7878426698450536
2011-09-01,8380,8340,8520,8160,1630,002070,남영비비안,-160.0,-1.873536299765808
2011-09-02,8350,8160,8350,8160,760,002070,남영비비안,-30.0,-0.35799522673031026
2011-09-05,8070,8160,8160,7970,400,002070,남영비비안,-280.0,-3.3532934131736525
2011-09-06,7960,7970,8030,7700,1800,002070,남영비비안,-110.0,-1.3630731102850062
2011-09-07,8500,7800,8500,7800,1790,002070,남영비비안,540.0,6.78391959798995
2011-09-08,8120,8130,8400,7980,3720,002070,남영비비안,-380.0,-4.470588235294118
2011-09-09,8090,7970,8120,7800,1970,002070,남영비비안,-30.0,-0.3694581280788177
2011-09-14,7930,8000,8000,7820,840,002070,남영비비안,-160.0,-1.9777503090234856
2011-09-15,7950,7930,7970,7900,321,002070,남영비비안,20.0,0.25220680958385877
2011-09-16,8090,8040,8100,7840,940,002070,남영비비안,140.0,1.7610062893081762
2011-09-19,8030,8090,8090,7890,520,002070,남영비비안,-60.0,-0.7416563658838072
2011-09-20,8050,8030,8050,7860,450,002070,남영비비안,20.0,0.24906600249066002
2011-09-21,7940,8050,8050,7900,70,002070,남영비비안,-110.0,-1.3664596273291925
2011-09-22,7890,7940,7940,7790,420,002070,남영비비안,-50.0,-0.6297229219143577
2011-09-23,7650,7860,7860,7590,1480,002070,남영비비안,-240.0,-3.041825095057034
2011-09-26,7640,7680,7750,7010,3970,002070,남영비비안,-10.0,-0.130718954248366
2011-09-27,7970,7630,7990,7440,2952,002070,남영비비안,330.0,4.319371727748691
2011-09-28,8180,7970,8500,7970,1190,002070,남영비비안,210.0,2.6348808030112925
2011-09-29,8400,8050,8800,7980,5993,002070,남영비비안,220.0,2.689486552567237
2011-09-30,8580,8400,8580,8390,2490,002070,남영비비안,180.0,2.142857142857143
2011-10-04,8120,8390,8390,8110,736,002070,남영비비안,-460.0,-5.361305361305361
2011-10-05,8010,8100,8140,7920,144,002070,남영비비안,-110.0,-1.354679802955665
2011-10-06,8160,8000,8160,8000,560,002070,남영비비안,150.0,1.8726591760299627
2011-10-07,8140,8140,8140,8140,20,002070,남영비비안,-20.0,-0.24509803921568626
2011-10-10,8150,8140,8150,8020,70,002070,남영비비안,10.0,0.12285012285012285
2011-10-11,8160,8150,8170,8050,320,002070,남영비비안,10.0,0.1226993865030675
2011-10-12,8170,8160,8170,8000,80,002070,남영비비안,10.0,0.12254901960784313
2011-10-13,8210,8170,8210,8050,40,002070,남영비비안,40.0,0.4895960832313341
2011-10-14,8210,8210,8210,8050,130,002070,남영비비안,0.0,0.0
2011-10-17,8180,8210,8300,8110,638,002070,남영비비안,-30.0,-0.3654080389768575
2011-10-18,8190,8280,8280,8070,110,002070,남영비비안,10.0,0.12224938875305623
2011-10-19,8260,8280,8280,8150,53,002070,남영비비안,70.0,0.8547008547008548
2011-10-20,8110,8250,8250,8090,109,002070,남영비비안,-150.0,-1.8159806295399514
2011-10-21,8120,8280,8280,8120,70,002070,남영비비안,10.0,0.12330456226880394
2011-10-24,8300,8270,8300,8120,4320,002070,남영비비안,180.0,2.2167487684729066
2011-10-25,8500,8300,8500,8100,360,002070,남영비비안,200.0,2.4096385542168677
2011-10-26,8380,8460,8460,8150,180,002070,남영비비안,-120.0,-1.411764705882353
2011-10-27,8360,8380,8380,8190,640,002070,남영비비안,-20.0,-0.23866348448687352
2011-10-28,8380,8380,8380,8200,500,002070,남영비비안,20.0,0.23923444976076555
2011-10-31,8230,8350,8500,8230,880,002070,남영비비안,-150.0,-1.7899761336515514
2011-11-01,7590,8460,8460,7000,200389,002070,남영비비안,-640.0,-7.7764277035236935
2011-11-02,7520,7300,7570,7300,16609,002070,남영비비안,-70.0,-0.922266139657444
2011-11-03,7430,7510,7550,7320,12647,002070,남영비비안,-90.0,-1.196808510638298
2011-11-04,7490,7430,7500,7370,9201,002070,남영비비안,60.0,0.8075370121130552
2011-11-07,7510,7540,7670,7410,8112,002070,남영비비안,20.0,0.26702269692923897
2011-11-08,7520,7610,7610,7450,2681,002070,남영비비안,10.0,0.13315579227696406
2011-11-09,7480,7500,7510,7470,1832,002070,남영비비안,-40.0,-0.5319148936170213
2011-11-10,7450,7440,7480,7250,7610,002070,남영비비안,-30.0,-0.4010695187165776
2011-11-11,7400,7430,7430,7290,4031,002070,남영비비안,-50.0,-0.6711409395973155
2011-11-14,7450,7370,7450,7370,5510,002070,남영비비안,50.0,0.6756756756756757
2011-11-15,7450,7480,7480,7380,2148,002070,남영비비안,0.0,0.0
2011-11-16,7440,7400,7440,7360,1251,002070,남영비비안,-10.0,-0.1342281879194631
2011-11-17,7450,7370,7470,7290,13011,002070,남영비비안,10.0,0.13440860215053765
2011-11-18,7450,7300,7470,7300,6370,002070,남영비비안,0.0,0.0
2011-11-21,7460,7460,7520,7360,6320,002070,남영비비안,10.0,0.1342281879194631
2011-11-22,7460,7420,7460,7350,2400,002070,남영비비안,0.0,0.0
2011-11-23,7450,7480,7480,7370,950,002070,남영비비안,-10.0,-0.13404825737265416
2011-11-24,7470,7400,7470,7380,3620,002070,남영비비안,20.0,0.2684563758389262
2011-11-25,7500,7460,7500,7390,4330,002070,남영비비안,30.0,0.4016064257028112
2011-11-28,7530,7550,7550,7440,780,002070,남영비비안,30.0,0.4
2011-11-29,7650,7560,7740,7450,2901,002070,남영비비안,120.0,1.593625498007968
2011-11-30,7770,7700,7790,7530,1779,002070,남영비비안,120.0,1.5686274509803921
2011-12-01,7820,7770,7820,7620,560,002070,남영비비안,50.0,0.6435006435006435
2011-12-02,7850,7730,7850,7730,80,002070,남영비비안,30.0,0.3836317135549872
2011-12-05,7780,7730,7780,7680,430,002070,남영비비안,-70.0,-0.89171974522293
2011-12-06,7780,7710,7780,7710,270,002070,남영비비안,0.0,0.0
2011-12-07,7820,7700,7820,7690,1270,002070,남영비비안,40.0,0.5141388174807198
2011-12-08,7820,7820,7820,7820,0,002070,남영비비안,0.0,0.0
2011-12-09,7860,7820,7860,7820,500,002070,남영비비안,40.0,0.5115089514066496
2011-12-12,8000,7860,8000,7750,1363,002070,남영비비안,140.0,1.7811704834605597
2011-12-13,7990,7990,7990,7750,66830,002070,남영비비안,-10.0,-0.125
2011-12-14,8050,7990,8050,7800,1870,002070,남영비비안,60.0,0.7509386733416771
2011-12-15,8040,8050,8050,7850,431,002070,남영비비안,-10.0,-0.12422360248447205
2011-12-16,8040,7850,8040,7740,65950,002070,남영비비안,0.0,0.0
2011-12-19,7850,8040,8040,7650,2710,002070,남영비비안,-190.0,-2.36318407960199
2011-12-20,7890,7850,7890,7730,1360,002070,남영비비안,40.0,0.5095541401273885
2011-12-21,7950,7880,7950,7780,62470,002070,남영비비안,60.0,0.7604562737642585
2011-12-22,7990,7960,7990,7800,1440,002070,남영비비안,40.0,0.5031446540880503
2011-12-23,8030,7860,8030,7810,2830,002070,남영비비안,40.0,0.5006257822277848
2011-12-26,8170,8030,8200,7850,2506,002070,남영비비안,140.0,1.7434620174346203
2011-12-27,8160,8050,8250,7850,13050,002070,남영비비안,-10.0,-0.12239902080783352
2011-12-28,8190,7970,8270,7870,3590,002070,남영비비안,30.0,0.3676470588235294
2011-12-29,8800,8050,8800,7980,17563,002070,남영비비안,610.0,7.448107448107448
2012-01-02,8450,8700,8700,8390,2070,002070,남영비비안,-350.0,-3.977272727272727
2012-01-03,8350,8450,8450,8240,2000,002070,남영비비안,-100.0,-1.183431952662722
2012-01-04,8180,8260,8260,8160,2730,002070,남영비비안,-170.0,-2.035928143712575
2012-01-05,8100,8150,8180,8050,4550,002070,남영비비안,-80.0,-0.9779951100244498
2012-01-06,8110,8070,8110,7930,2220,002070,남영비비안,10.0,0.12345679012345678
2012-01-09,8030,7960,8050,7870,2680,002070,남영비비안,-80.0,-0.9864364981504316
2012-01-10,8040,7940,8040,7930,471,002070,남영비비안,10.0,0.12453300124533001
2012-01-11,7930,7930,8030,7910,1547,002070,남영비비안,-110.0,-1.3681592039800996
2012-01-12,7890,7910,7950,7820,890,002070,남영비비안,-40.0,-0.5044136191677175
2012-01-13,7780,7820,7820,7630,6524,002070,남영비비안,-110.0,-1.394169835234474
2012-01-16,7700,7780,7780,7650,3390,002070,남영비비안,-80.0,-1.0282776349614395
2012-01-17,7720,7650,7760,7650,50,002070,남영비비안,20.0,0.2597402597402597
2012-01-18,7750,7660,7750,7660,1371,002070,남영비비안,30.0,0.38860103626943004
2012-01-19,7550,7710,7710,7390,71880,002070,남영비비안,-200.0,-2.5806451612903225
2012-01-20,7680,7550,7700,7500,20801,002070,남영비비안,130.0,1.7218543046357615
2012-01-25,7640,7680,7790,7570,4040,002070,남영비비안,-40.0,-0.5208333333333333
2012-01-26,7830,7640,8050,7610,70378,002070,남영비비안,190.0,2.486910994764398
2012-01-27,8300,7830,8500,7760,33651,002070,남영비비안,470.0,6.002554278416347
2012-01-30,8380,8000,8470,7900,117700,002070,남영비비안,80.0,0.9638554216867471
2012-01-31,8330,8290,8450,8200,19880,002070,남영비비안,-50.0,-0.5966587112171837
2012-02-01,8020,8330,8330,7980,31219,002070,남영비비안,-310.0,-3.721488595438175
2012-02-02,8010,7980,8100,7970,3730,002070,남영비비안,-10.0,-0.12468827930174563
2012-02-03,7990,7950,7990,7870,4497,002070,남영비비안,-20.0,-0.24968789013732834
2012-02-06,7900,7880,8020,7870,900,002070,남영비비안,-90.0,-1.1264080100125156
2012-02-07,8030,7900,8040,7810,4640,002070,남영비비안,130.0,1.6455696202531647
2012-02-08,7960,7910,8010,7890,7760,002070,남영비비안,-70.0,-0.8717310087173101
2012-02-09,7920,8000,8000,7850,1905,002070,남영비비안,-40.0,-0.5025125628140703
2012-02-10,7880,7940,7970,7880,11210,002070,남영비비안,-40.0,-0.5050505050505051
2012-02-13,7980,7980,7980,7860,3520,002070,남영비비안,100.0,1.2690355329949239
2012-02-14,7990,7980,8030,7920,2718,002070,남영비비안,10.0,0.12531328320802004
2012-02-15,8050,8020,8100,7970,9090,002070,남영비비안,60.0,0.7509386733416771
2012-02-16,8000,8030,8030,7940,3080,002070,남영비비안,-50.0,-0.6211180124223602
2012-02-17,8010,8070,8070,7970,4591,002070,남영비비안,10.0,0.125
2012-02-20,8040,8060,8060,8000,4910,002070,남영비비안,30.0,0.37453183520599254
2012-02-21,8100,8080,8200,7990,12245,002070,남영비비안,60.0,0.7462686567164178
2012-02-22,8190,8120,8190,8040,4870,002070,남영비비안,90.0,1.1111111111111112
2012-02-23,8210,8190,8300,8030,14535,002070,남영비비안,20.0,0.2442002442002442
2012-02-24,8200,8220,8250,8120,23910,002070,남영비비안,-10.0,-0.12180267965895249
2012-02-27,8210,8290,8290,8160,3750,002070,남영비비안,10.0,0.12195121951219512
2012-02-28,8250,8220,8250,7860,6990,002070,남영비비안,40.0,0.48721071863580995
2012-02-29,8450,8250,8450,8170,10031,002070,남영비비안,200.0,2.4242424242424243
2012-03-02,8300,8400,8470,8200,10315,002070,남영비비안,-150.0,-1.7751479289940828
2012-03-05,8160,8290,8440,8070,23551,002070,남영비비안,-140.0,-1.6867469879518073
2012-03-06,8070,8170,8170,7910,11530,002070,남영비비안,-90.0,-1.1029411764705883
2012-03-07,8070,8070,8070,7960,3400,002070,남영비비안,0.0,0.0
2012-03-08,8060,8080,8090,7980,1660,002070,남영비비안,-10.0,-0.12391573729863693
2012-03-09,8020,8060,8060,7950,9780,002070,남영비비안,-40.0,-0.49627791563275436
2012-03-12,8040,7990,8040,7980,2081,002070,남영비비안,20.0,0.24937655860349126
2012-03-13,8060,8030,8070,7970,3160,002070,남영비비안,20.0,0.24875621890547264
2012-03-14,8140,8100,8140,8030,8541,002070,남영비비안,80.0,0.9925558312655087
2012-03-15,8140,8100,8180,8070,5130,002070,남영비비안,0.0,0.0
2012-03-16,8140,8170,8170,8050,4350,002070,남영비비안,0.0,0.0
2012-03-19,8140,8090,8140,8060,3151,002070,남영비비안,0.0,0.0
2012-03-20,8160,8180,8180,8080,1511,002070,남영비비안,20.0,0.2457002457002457
2012-03-21,8160,8070,8180,8070,7577,002070,남영비비안,0.0,0.0
2012-03-22,8140,8140,8160,8050,5712,002070,남영비비안,-20.0,-0.24509803921568626
2012-03-23,8140,8100,8140,8060,2603,002070,남영비비안,0.0,0.0
2012-03-26,8140,8070,8200,8050,8780,002070,남영비비안,0.0,0.0
2012-03-27,8170,8120,8170,8070,5930,002070,남영비비안,30.0,0.36855036855036855
2012-03-28,8160,8170,8170,8100,2780,002070,남영비비안,-10.0,-0.12239902080783352
2012-03-29,8290,8150,8310,8080,4410,002070,남영비비안,130.0,1.5931372549019607
2012-03-30,8260,8270,8290,8190,5060,002070,남영비비안,-30.0,-0.3618817852834741
2012-04-02,8250,8260,8260,8220,2090,002070,남영비비안,-10.0,-0.12106537530266344
2012-04-03,8240,8250,8270,8160,3670,002070,남영비비안,-10.0,-0.12121212121212122
2012-04-04,8190,8240,8240,8110,480,002070,남영비비안,-50.0,-0.6067961165048543
2012-04-05,8100,8060,8100,7780,6390,002070,남영비비안,-90.0,-1.098901098901099
2012-04-06,8120,8120,8120,8120,200,002070,남영비비안,20.0,0.24691358024691357
2012-04-09,8110,8110,8110,8110,170,002070,남영비비안,-10.0,-0.12315270935960591
2012-04-10,8050,7930,8050,7910,420,002070,남영비비안,-60.0,-0.7398273736128237
2012-04-12,7910,8040,8040,7910,50,002070,남영비비안,-140.0,-1.7391304347826086
2012-04-13,8000,7930,8000,7910,990,002070,남영비비안,90.0,1.1378002528445006
2012-04-16,8060,7950,8060,7950,60,002070,남영비비안,60.0,0.75
2012-04-17,8080,8080,8080,8080,20,002070,남영비비안,20.0,0.24813895781637718
2012-04-18,8090,8070,8090,8000,2050,002070,남영비비안,10.0,0.12376237623762376
2012-04-19,8090,8080,8090,8080,110,002070,남영비비안,0.0,0.0
2012-04-20,8090,8060,8090,8060,110,002070,남영비비안,0.0,0.0
2012-04-23,8090,8060,8090,8000,560,002070,남영비비안,0.0,0.0
2012-04-24,8000,7950,8060,7930,1500,002070,남영비비안,-90.0,-1.1124845488257107
2012-04-25,8080,8000,8080,8000,90,002070,남영비비안,80.0,1.0
2012-04-26,8080,8040,8080,8040,110,002070,남영비비안,0.0,0.0
2012-04-27,8000,8000,8000,8000,0,002070,남영비비안,-80.0,-0.9900990099009901
2012-04-30,8030,7940,8030,7900,1360,002070,남영비비안,30.0,0.375
2012-05-02,8060,7960,8060,7960,40,002070,남영비비안,30.0,0.37359900373599003
2012-05-03,8000,8000,8000,8000,250,002070,남영비비안,-60.0,-0.7444168734491315
2012-05-04,8060,8060,8060,8060,33,002070,남영비비안,60.0,0.75
2012-05-07,8060,8060,8060,8060,31,002070,남영비비안,0.0,0.0
2012-05-08,8020,7930,8030,7930,660,002070,남영비비안,-40.0,-0.49627791563275436
2012-05-09,8050,7920,8050,7920,100,002070,남영비비안,30.0,0.3740648379052369
2012-05-10,8060,8000,8060,8000,70,002070,남영비비안,10.0,0.12422360248447205
2012-05-11,8060,8060,8070,7870,840,002070,남영비비안,0.0,0.0
2012-05-14,8050,8070,8070,8010,173,002070,남영비비안,-10.0,-0.12406947890818859
2012-05-15,7900,7900,7910,7890,680,002070,남영비비안,-150.0,-1.8633540372670807
2012-05-16,7900,7940,7940,7870,1390,002070,남영비비안,0.0,0.0
2012-05-17,7900,7900,7900,7890,180,002070,남영비비안,0.0,0.0
2012-05-18,7820,7810,7820,7700,181,002070,남영비비안,-80.0,-1.0126582278481013
2012-05-21,7750,7740,7750,7700,480,002070,남영비비안,-70.0,-0.8951406649616368
2012-05-22,7700,7700,7700,7700,80,002070,남영비비안,-50.0,-0.6451612903225806
2012-05-23,7700,7680,7700,7630,1410,002070,남영비비안,0.0,0.0
2012-05-24,7700,7700,7700,7700,10,002070,남영비비안,0.0,0.0
2012-05-25,7700,7700,7790,7550,340,002070,남영비비안,0.0,0.0
2012-05-29,7700,7650,7700,7600,220,002070,남영비비안,0.0,0.0
2012-05-30,7740,7740,7740,7740,60,002070,남영비비안,40.0,0.5194805194805194
2012-05-31,7690,7660,7700,7540,320,002070,남영비비안,-50.0,-0.6459948320413437
2012-06-01,7670,7590,7670,7530,890,002070,남영비비안,-20.0,-0.26007802340702213
2012-06-04,7550,7600,7600,7250,230,002070,남영비비안,-120.0,-1.564537157757497
2012-06-05,7550,7470,7550,7400,390,002070,남영비비안,0.0,0.0
2012-06-07,7400,7580,7580,7300,3191,002070,남영비비안,-150.0,-1.9867549668874174
2012-06-08,7400,7400,7430,7400,39420,002070,남영비비안,0.0,0.0
2012-06-11,7420,7120,7420,7120,2140,002070,남영비비안,20.0,0.2702702702702703
2012-06-12,7390,7360,7390,7360,40,002070,남영비비안,-30.0,-0.40431266846361186
2012-06-13,7400,7400,7400,7330,350,002070,남영비비안,10.0,0.13531799729364005
2012-06-14,7330,7150,7330,7100,1740,002070,남영비비안,-70.0,-0.945945945945946
2012-06-15,7600,7320,7600,7320,1070,002070,남영비비안,270.0,3.6834924965893587
2012-06-18,7500,7500,7590,7460,1470,002070,남영비비안,-100.0,-1.3157894736842104
2012-06-19,7500,7430,7500,7430,720,002070,남영비비안,0.0,0.0
2012-06-20,7500,7430,7550,7420,1362,002070,남영비비안,0.0,0.0
2012-06-21,7480,7400,7480,7400,450,002070,남영비비안,-20.0,-0.26666666666666666
2012-06-22,7430,7500,7500,7300,680,002070,남영비비안,-50.0,-0.6684491978609626
2012-06-25,7430,7300,7430,7300,410,002070,남영비비안,0.0,0.0
2012-06-26,7430,7470,7470,7400,220,002070,남영비비안,0.0,0.0
2012-06-27,7440,7310,7440,7300,260,002070,남영비비안,10.0,0.13458950201884254
2012-06-28,7440,7440,7440,7440,0,002070,남영비비안,0.0,0.0
2012-06-29,7450,7460,7460,7450,330,002070,남영비비안,10.0,0.13440860215053765
2012-07-02,7450,7450,7450,7450,180,002070,남영비비안,0.0,0.0
2012-07-03,7480,7450,7480,7450,160,002070,남영비비안,30.0,0.4026845637583893
2012-07-04,7480,7460,7480,7460,231,002070,남영비비안,0.0,0.0
2012-07-05,7460,7460,7460,7450,190,002070,남영비비안,-20.0,-0.267379679144385
2012-07-06,7480,7410,7480,7280,900,002070,남영비비안,20.0,0.2680965147453083
2012-07-09,7480,7480,7480,7480,0,002070,남영비비안,0.0,0.0
2012-07-10,7440,7330,7440,7300,350,002070,남영비비안,-40.0,-0.53475935828877
2012-07-11,7470,7450,7470,7300,260,002070,남영비비안,30.0,0.4032258064516129
2012-07-12,7430,7330,7430,7300,300,002070,남영비비안,-40.0,-0.535475234270415
2012-07-13,7450,7320,7450,7300,940,002070,남영비비안,20.0,0.2691790040376851
2012-07-16,7350,7340,7390,7300,1160,002070,남영비비안,-100.0,-1.342281879194631
2012-07-17,7310,7350,7360,7130,1110,002070,남영비비안,-40.0,-0.5442176870748299
2012-07-18,7300,7280,7300,7280,2630,002070,남영비비안,-10.0,-0.13679890560875513
2012-07-19,7330,7330,7330,7150,1340,002070,남영비비안,30.0,0.410958904109589
2012-07-20,7210,7210,7280,7180,2990,002070,남영비비안,-120.0,-1.6371077762619373
2012-07-23,7200,7160,7210,7140,620,002070,남영비비안,-10.0,-0.13869625520110956
2012-07-24,7200,7150,7200,7070,570,002070,남영비비안,0.0,0.0
2012-07-25,7010,7200,7230,7010,2582,002070,남영비비안,-190.0,-2.638888888888889
2012-07-26,7000,7000,7030,6900,2270,002070,남영비비안,-10.0,-0.14265335235378032
2012-07-27,7100,6970,7110,6930,600,002070,남영비비안,100.0,1.4285714285714286
2012-07-30,7090,7040,7100,7000,840,002070,남영비비안,-10.0,-0.14084507042253522
2012-07-31,7060,7080,7090,7010,860,002070,남영비비안,-30.0,-0.4231311706629055
2012-08-01,7090,7050,7090,7010,530,002070,남영비비안,30.0,0.424929178470255
2012-08-02,7090,7090,7090,7090,0,002070,남영비비안,0.0,0.0
2012-08-03,7090,7090,7090,7090,0,002070,남영비비안,0.0,0.0
2012-08-06,7090,7010,7100,7000,270,002070,남영비비안,0.0,0.0
2012-08-07,7070,7090,7090,7010,805,002070,남영비비안,-20.0,-0.2820874471086037
2012-08-08,7040,7000,7050,6950,5630,002070,남영비비안,-30.0,-0.4243281471004243
2012-08-09,6960,7040,7040,6900,3765,002070,남영비비안,-80.0,-1.1363636363636365
2012-08-10,7040,6980,7040,6980,2662,002070,남영비비안,80.0,1.1494252873563218
2012-08-13,7000,7080,7090,6970,1061,002070,남영비비안,-40.0,-0.5681818181818182
2012-08-14,7010,7000,7040,6970,4171,002070,남영비비안,10.0,0.14285714285714285
2012-08-16,7070,6980,7070,6970,140,002070,남영비비안,60.0,0.8559201141226819
2012-08-17,7000,7010,7050,6990,3440,002070,남영비비안,-70.0,-0.9900990099009901
2012-08-20,7020,7030,7030,7000,1290,002070,남영비비안,20.0,0.2857142857142857
2012-08-21,7020,7010,7030,6990,780,002070,남영비비안,0.0,0.0
2012-08-22,7050,7000,7050,7000,670,002070,남영비비안,30.0,0.4273504273504274
2012-08-23,7060,7050,7060,7010,840,002070,남영비비안,10.0,0.14184397163120568
2012-08-24,7070,7070,7070,7040,31,002070,남영비비안,10.0,0.141643059490085
2012-08-27,7090,7070,7110,6970,620,002070,남영비비안,20.0,0.2828854314002829
2012-08-28,7070,7110,7120,7070,420,002070,남영비비안,-20.0,-0.2820874471086037
2012-08-29,7090,7000,7090,7000,450,002070,남영비비안,20.0,0.2828854314002829
2012-08-30,7090,7080,7090,7080,150,002070,남영비비안,0.0,0.0
2012-08-31,7150,7100,7150,7020,3621,002070,남영비비안,60.0,0.846262341325811
2012-09-03,7200,7150,7250,7150,1030,002070,남영비비안,50.0,0.6993006993006993
2012-09-04,7250,7200,7250,7120,900,002070,남영비비안,50.0,0.6944444444444444
2012-09-05,7280,7150,7280,7130,2000,002070,남영비비안,30.0,0.41379310344827586
2012-09-06,7350,7280,7350,7260,860,002070,남영비비안,70.0,0.9615384615384616
2012-09-07,7420,7250,7430,7250,720,002070,남영비비안,70.0,0.9523809523809524
2012-09-10,7570,7420,7600,7420,1610,002070,남영비비안,150.0,2.0215633423180592
2012-09-11,7510,7520,7520,7380,110,002070,남영비비안,-60.0,-0.7926023778071334
2012-09-12,7510,7510,7510,7510,10,002070,남영비비안,0.0,0.0
2012-09-13,7500,7400,7500,7400,340,002070,남영비비안,-10.0,-0.13315579227696406
2012-09-14,7520,7500,7520,7400,220,002070,남영비비안,20.0,0.26666666666666666
2012-09-17,7620,7540,7630,7500,2880,002070,남영비비안,100.0,1.3297872340425532
2012-09-18,7610,7490,7610,7460,250,002070,남영비비안,-10.0,-0.13123359580052493
2012-09-19,7500,7470,7500,7450,1450,002070,남영비비안,-110.0,-1.445466491458607
2012-09-20,7670,7500,7670,7500,1290,002070,남영비비안,170.0,2.2666666666666666
2012-09-21,7660,7670,7670,7650,460,002070,남영비비안,-10.0,-0.1303780964797914
2012-09-24,7700,7560,7700,7400,7970,002070,남영비비안,40.0,0.5221932114882507
2012-09-25,7600,7690,7700,7600,2730,002070,남영비비안,-100.0,-1.2987012987012987
2012-09-26,7720,7500,7730,7500,2489,002070,남영비비안,120.0,1.5789473684210527
2012-09-27,7720,7550,7770,7550,800,002070,남영비비안,0.0,0.0
2012-09-28,7650,7600,7730,7600,610,002070,남영비비안,-70.0,-0.9067357512953367
2012-10-02,7740,7600,7740,7600,870,002070,남영비비안,90.0,1.1764705882352942
2012-10-04,7900,7750,7980,7740,2120,002070,남영비비안,160.0,2.0671834625323
2012-10-05,7850,7850,7850,7850,0,002070,남영비비안,-50.0,-0.6329113924050633
2012-10-08,7700,7520,7700,7520,670,002070,남영비비안,-150.0,-1.910828025477707
2012-10-09,7770,7770,7770,7770,11,002070,남영비비안,70.0,0.9090909090909091
2012-10-10,7690,7620,7690,7620,580,002070,남영비비안,-80.0,-1.0296010296010296
2012-10-11,7740,7600,7740,7580,330,002070,남영비비안,50.0,0.6501950585175552
2012-10-12,7700,7680,7700,7680,259,002070,남영비비안,-40.0,-0.516795865633075
2012-10-15,7600,7550,7690,7470,750,002070,남영비비안,-100.0,-1.2987012987012987
2012-10-16,7740,7580,7740,7580,2261,002070,남영비비안,140.0,1.8421052631578945
2012-10-17,7760,7740,7760,7630,160,002070,남영비비안,20.0,0.2583979328165375
2012-10-18,7690,7700,7700,7690,70,002070,남영비비안,-70.0,-0.902061855670103
2012-10-19,7630,7620,7680,7580,430,002070,남영비비안,-60.0,-0.7802340702210664
2012-10-22,7710,7580,7710,7580,50,002070,남영비비안,80.0,1.0484927916120577
2012-10-23,7650,7530,7650,7530,420,002070,남영비비안,-60.0,-0.7782101167315175
2012-10-24,7600,7550,7600,7550,320,002070,남영비비안,-50.0,-0.6535947712418301
2012-10-25,7600,7600,7600,7500,200,002070,남영비비안,0.0,0.0
2012-10-26,7600,7550,7600,7520,251,002070,남영비비안,0.0,0.0
2012-10-29,7460,7510,7520,7360,3810,002070,남영비비안,-140.0,-1.8421052631578945
2012-10-30,7300,7460,7460,7300,5650,002070,남영비비안,-160.0,-2.1447721179624666
2012-10-31,7480,7340,7560,7340,1330,002070,남영비비안,180.0,2.4657534246575343
2012-11-01,7420,7450,7450,7340,260,002070,남영비비안,-60.0,-0.8021390374331552
2012-11-02,7490,7430,7490,7370,1330,002070,남영비비안,70.0,0.9433962264150944
2012-11-05,7400,7490,7490,7400,1660,002070,남영비비안,-90.0,-1.2016021361815754
2012-11-06,7440,7470,7470,7400,200,002070,남영비비안,40.0,0.5405405405405406
2012-11-07,7590,7490,7850,7450,500,002070,남영비비안,150.0,2.0161290322580645
2012-11-08,7420,7430,7430,7420,310,002070,남영비비안,-170.0,-2.2397891963109355
2012-11-09,7400,7420,7420,7340,980,002070,남영비비안,-20.0,-0.2695417789757413
2012-11-12,7500,7330,7500,7330,540,002070,남영비비안,100.0,1.3513513513513513
2012-11-13,7600,7500,7600,7390,1270,002070,남영비비안,100.0,1.3333333333333335
2012-11-14,7530,7720,7720,7530,620,002070,남영비비안,-70.0,-0.9210526315789472
2012-11-15,7540,7530,7540,7430,310,002070,남영비비안,10.0,0.13280212483399734
2012-11-16,7510,7430,7510,7360,760,002070,남영비비안,-30.0,-0.3978779840848806
2012-11-19,7530,7390,7530,7390,140,002070,남영비비안,20.0,0.2663115845539281
2012-11-20,7630,7560,7650,7530,470,002070,남영비비안,100.0,1.3280212483399734
2012-11-21,7510,7510,7510,7500,675,002070,남영비비안,-120.0,-1.5727391874180863
2012-11-22,7570,7450,7570,7450,185,002070,남영비비안,60.0,0.7989347536617843
2012-11-23,7580,7550,7580,7370,260,002070,남영비비안,10.0,0.13210039630118892
2012-11-26,7390,7350,7460,7320,920,002070,남영비비안,-190.0,-2.5065963060686016
2012-11-27,7430,7320,7460,7320,380,002070,남영비비안,40.0,0.5412719891745602
2012-11-28,7430,7430,7430,7430,0,002070,남영비비안,0.0,0.0
2012-11-29,7450,7450,7450,7450,50,002070,남영비비안,20.0,0.2691790040376851
2012-11-30,7430,7440,7440,7430,200,002070,남영비비안,-20.0,-0.2684563758389262
2012-12-03,7450,7430,7450,7320,400,002070,남영비비안,20.0,0.2691790040376851
2012-12-04,7480,7450,7500,7350,340,002070,남영비비안,30.0,0.4026845637583893
2012-12-05,7500,7500,7500,7500,30,002070,남영비비안,20.0,0.267379679144385
2012-12-06,7500,7400,7500,7400,70,002070,남영비비안,0.0,0.0
2012-12-07,7500,7500,7500,7500,0,002070,남영비비안,0.0,0.0
2012-12-10,7480,7480,7480,7480,0,002070,남영비비안,-20.0,-0.26666666666666666
2012-12-11,7410,7520,7520,7200,5060,002070,남영비비안,-70.0,-0.9358288770053476
2012-12-12,7340,7310,7360,7280,2480,002070,남영비비안,-70.0,-0.9446693657219973
2012-12-13,7360,7330,7360,7280,590,002070,남영비비안,20.0,0.2724795640326975
2012-12-14,7350,7270,7350,7270,80,002070,남영비비안,-10.0,-0.1358695652173913
2012-12-17,7340,7340,7350,7340,60930,002070,남영비비안,-10.0,-0.13605442176870747
2012-12-18,7330,7250,7330,7230,60711,002070,남영비비안,-10.0,-0.13623978201634876
2012-12-20,7340,7340,7340,7340,10,002070,남영비비안,10.0,0.1364256480218281
2012-12-21,7330,7330,7330,7330,90,002070,남영비비안,-10.0,-0.13623978201634876
2012-12-24,7420,7280,7420,7280,349,002070,남영비비안,90.0,1.227830832196453
2012-12-26,7410,7320,7410,7280,1470,002070,남영비비안,-10.0,-0.13477088948787064
2012-12-27,7400,7310,7400,7290,330,002070,남영비비안,-10.0,-0.1349527665317139
2012-12-28,7200,7400,7400,7200,1190,002070,남영비비안,-200.0,-2.7027027027027026
2013-01-02,7340,7330,7350,7210,770,002070,남영비비안,140.0,1.9444444444444444
2013-01-03,7360,7350,7360,7350,830,002070,남영비비안,20.0,0.2724795640326975
2013-01-04,7400,7390,7400,7370,130,002070,남영비비안,40.0,0.5434782608695652
2013-01-07,7290,7400,7420,7260,1080,002070,남영비비안,-110.0,-1.4864864864864866
2013-01-08,7310,7290,7310,7290,160,002070,남영비비안,20.0,0.2743484224965706
2013-01-09,7310,7310,7310,7270,321,002070,남영비비안,0.0,0.0
2013-01-10,7300,7310,7310,7300,70,002070,남영비비안,-10.0,-0.13679890560875513
2013-01-11,7230,7290,7290,7200,831,002070,남영비비안,-70.0,-0.9589041095890412
2013-01-14,7260,7270,7270,7180,1180,002070,남영비비안,30.0,0.4149377593360996
2013-01-15,7210,7190,7260,7190,41,002070,남영비비안,-50.0,-0.6887052341597797
2013-01-16,7210,7210,7210,7180,1170,002070,남영비비안,0.0,0.0
2013-01-17,7210,7210,7210,7210,10,002070,남영비비안,0.0,0.0
2013-01-18,7190,7290,7290,7170,550,002070,남영비비안,-20.0,-0.27739251040221913
2013-01-21,7180,7190,7200,7180,446,002070,남영비비안,-10.0,-0.13908205841446453
2013-01-22,7180,7200,7200,7180,353,002070,남영비비안,0.0,0.0
2013-01-23,7170,7170,7170,7170,10,002070,남영비비안,-10.0,-0.1392757660167131
2013-01-24,7230,7200,7230,7200,1890,002070,남영비비안,60.0,0.8368200836820083
2013-01-25,7230,7230,7230,7230,10,002070,남영비비안,0.0,0.0
2013-01-28,7200,7150,7200,7130,710,002070,남영비비안,-30.0,-0.4149377593360996
2013-01-29,7170,7170,7170,7120,90,002070,남영비비안,-30.0,-0.4166666666666667
2013-01-30,7190,7110,7190,7100,1870,002070,남영비비안,20.0,0.2789400278940028
2013-01-31,7200,7200,7200,7200,40,002070,남영비비안,10.0,0.13908205841446453
2013-02-01,7200,7200,7200,7200,10,002070,남영비비안,0.0,0.0
2013-02-04,7160,7160,7160,7160,20,002070,남영비비안,-40.0,-0.5555555555555556
2013-02-05,7180,7160,7200,7160,1941,002070,남영비비안,20.0,0.27932960893854747
2013-02-06,7210,7350,7350,7200,3900,002070,남영비비안,30.0,0.4178272980501393
2013-02-07,7500,7410,7550,7330,74520,002070,남영비비안,290.0,4.0221914008321775
2013-02-08,7460,7470,7490,7350,47653,002070,남영비비안,-40.0,-0.5333333333333333
2013-02-12,7480,7460,7490,7350,27991,002070,남영비비안,20.0,0.2680965147453083
2013-02-13,7450,7480,7480,7350,1310,002070,남영비비안,-30.0,-0.4010695187165776
2013-02-14,7420,7320,7420,7270,1470,002070,남영비비안,-30.0,-0.4026845637583893
2013-02-15,7390,7400,7400,7250,1720,002070,남영비비안,-30.0,-0.40431266846361186
2013-02-18,7250,7300,7390,7250,3580,002070,남영비비안,-140.0,-1.8944519621109608
2013-02-19,7190,7250,7250,7160,3030,002070,남영비비안,-60.0,-0.8275862068965517
2013-02-20,7250,7170,7250,7100,5610,002070,남영비비안,60.0,0.8344923504867872
2013-02-21,7180,7200,7200,7180,3177,002070,남영비비안,-70.0,-0.9655172413793104
2013-02-22,7180,7180,7200,7180,910,002070,남영비비안,0.0,0.0
2013-02-25,7220,7150,7220,7150,1460,002070,남영비비안,40.0,0.5571030640668524
2013-02-26,7190,7220,7230,7190,1010,002070,남영비비안,-30.0,-0.41551246537396125
2013-02-27,7220,7170,7220,7160,1011,002070,남영비비안,30.0,0.4172461752433936
2013-02-28,7230,7220,7280,7220,610,002070,남영비비안,10.0,0.13850415512465375
2013-03-04,7190,7190,7190,7190,160,002070,남영비비안,-40.0,-0.5532503457814661
2013-03-05,7150,7200,7200,7130,100,002070,남영비비안,-40.0,-0.5563282336578581
2013-03-06,7170,7110,7200,7090,940,002070,남영비비안,20.0,0.27972027972027974
2013-03-07,7180,7170,7200,7170,561,002070,남영비비안,10.0,0.1394700139470014
2013-03-08,7220,7180,7220,7180,351,002070,남영비비안,40.0,0.5571030640668524
2013-03-11,7140,7140,7140,7140,10,002070,남영비비안,-80.0,-1.10803324099723
2013-03-12,7200,7110,7200,7110,920,002070,남영비비안,60.0,0.8403361344537815
2013-03-13,7260,7200,7260,7200,2530,002070,남영비비안,60.0,0.8333333333333334
2013-03-14,7200,7260,7260,7200,230,002070,남영비비안,-60.0,-0.8264462809917356
2013-03-15,7200,7200,7200,7200,233,002070,남영비비안,0.0,0.0
2013-03-18,7200,7200,7200,7200,910,002070,남영비비안,0.0,0.0
2013-03-19,7210,7200,7210,7200,260,002070,남영비비안,10.0,0.1388888888888889
2013-03-20,7280,7220,7280,7220,1440,002070,남영비비안,70.0,0.9708737864077669
2013-03-21,7320,7340,7340,7240,190,002070,남영비비안,40.0,0.5494505494505495
2013-03-22,7320,7300,7320,7220,210,002070,남영비비안,0.0,0.0
2013-03-25,7300,7190,7300,7190,1050,002070,남영비비안,-20.0,-0.273224043715847
2013-03-26,7300,7300,7300,7300,500,002070,남영비비안,0.0,0.0
2013-03-27,7210,7300,7300,7210,31,002070,남영비비안,-90.0,-1.2328767123287672
2013-03-28,7300,7240,7310,7240,70,002070,남영비비안,90.0,1.248266296809986
2013-03-29,7350,7350,7350,7340,71,002070,남영비비안,50.0,0.684931506849315
2013-04-01,7240,7230,7340,7230,160,002070,남영비비안,-110.0,-1.4965986394557822
2013-04-02,7220,7240,7240,7210,210,002070,남영비비안,-20.0,-0.2762430939226519
2013-04-03,7160,7220,7230,7100,500,002070,남영비비안,-60.0,-0.8310249307479225
2013-04-04,7280,7200,7280,7170,280,002070,남영비비안,120.0,1.675977653631285
2013-04-05,7280,7280,7280,7280,10,002070,남영비비안,0.0,0.0
2013-04-08,7140,7240,7240,7140,20,002070,남영비비안,-140.0,-1.9230769230769231
2013-04-09,7230,7230,7230,7230,20,002070,남영비비안,90.0,1.2605042016806722
2013-04-10,7110,7210,7210,7090,710,002070,남영비비안,-120.0,-1.6597510373443984
2013-04-11,7150,7150,7150,7150,10,002070,남영비비안,40.0,0.5625879043600562
2013-04-12,7150,7170,7170,7140,620,002070,남영비비안,0.0,0.0
2013-04-15,7200,7100,7200,7080,1535,002070,남영비비안,50.0,0.6993006993006993
2013-04-16,7160,7240,7280,7150,1930,002070,남영비비안,-40.0,-0.5555555555555556
2013-04-17,7270,7160,7270,7160,540,002070,남영비비안,110.0,1.536312849162011
2013-04-18,7120,7060,7250,7060,4281,002070,남영비비안,-150.0,-2.063273727647868
2013-04-19,7230,7100,7270,7100,1230,002070,남영비비안,110.0,1.544943820224719
2013-04-22,7130,7220,7220,7130,600,002070,남영비비안,-100.0,-1.3831258644536653
2013-04-23,7230,7130,7230,7110,820,002070,남영비비안,100.0,1.402524544179523
2013-04-24,7170,7270,7270,7150,4120,002070,남영비비안,-60.0,-0.8298755186721992
2013-04-25,7280,7200,7280,7170,4530,002070,남영비비안,110.0,1.5341701534170153
2013-04-26,7200,7280,7280,7200,960,002070,남영비비안,-80.0,-1.098901098901099
2013-04-29,7200,7220,7220,7200,690,002070,남영비비안,0.0,0.0
2013-04-30,7230,7190,7280,7190,1684,002070,남영비비안,30.0,0.4166666666666667
2013-05-02,7310,7230,7310,7200,1330,002070,남영비비안,80.0,1.1065006915629323
2013-05-03,7260,7360,7360,7250,1640,002070,남영비비안,-50.0,-0.6839945280437756
2013-05-06,7410,7270,7410,7250,4190,002070,남영비비안,150.0,2.066115702479339
2013-05-07,7330,7330,7420,7320,3850,002070,남영비비안,-80.0,-1.0796221322537112
2013-05-08,7450,7350,7740,7350,5810,002070,남영비비안,120.0,1.6371077762619373
2013-05-09,7490,7490,7490,7430,2170,002070,남영비비안,40.0,0.5369127516778524
2013-05-10,7500,7570,7570,7420,1900,002070,남영비비안,10.0,0.13351134846461948
2013-05-13,7480,7380,7480,7380,1360,002070,남영비비안,-20.0,-0.26666666666666666
2013-05-14,7360,7420,7450,7360,3040,002070,남영비비안,-120.0,-1.6042780748663104
2013-05-15,7450,7360,7450,7350,1270,002070,남영비비안,90.0,1.2228260869565217
2013-05-16,7450,7400,7450,7350,1730,002070,남영비비안,0.0,0.0
2013-05-20,7490,7350,7490,7350,1910,002070,남영비비안,40.0,0.5369127516778524
2013-05-21,7490,7440,7490,7430,560,002070,남영비비안,0.0,0.0
2013-05-22,7470,7400,7470,7400,1720,002070,남영비비안,-20.0,-0.26702269692923897
2013-05-23,7390,7400,7400,7390,960,002070,남영비비안,-80.0,-1.07095046854083
2013-05-24,7390,7390,7400,7370,3171,002070,남영비비안,0.0,0.0
2013-05-27,7340,7380,7380,7340,765,002070,남영비비안,-50.0,-0.6765899864682002
2013-05-28,7350,7330,7490,7330,2011,002070,남영비비안,10.0,0.13623978201634876
2013-05-29,7350,7350,7370,7300,2400,002070,남영비비안,0.0,0.0
2013-05-30,7390,7320,7450,7300,17410,002070,남영비비안,40.0,0.5442176870748299
2013-05-31,7250,7300,7380,7210,3080,002070,남영비비안,-140.0,-1.8944519621109608
2013-06-03,7150,7160,7250,7150,2820,002070,남영비비안,-100.0,-1.3793103448275863
2013-06-04,7050,7190,7210,7050,3650,002070,남영비비안,-100.0,-1.3986013986013985
2013-06-05,6980,7190,7190,6980,3360,002070,남영비비안,-70.0,-0.9929078014184398
2013-06-07,6900,7000,7000,6850,8380,002070,남영비비안,-80.0,-1.146131805157593
2013-06-10,6830,7010,7010,6780,5695,002070,남영비비안,-70.0,-1.0144927536231882
2013-06-11,6790,6830,6850,6740,5090,002070,남영비비안,-40.0,-0.5856515373352855
2013-06-12,6760,6790,6790,6740,4670,002070,남영비비안,-30.0,-0.4418262150220913
2013-06-13,6760,6740,6790,6730,3600,002070,남영비비안,0.0,0.0
2013-06-14,6750,6720,6880,6720,6270,002070,남영비비안,-10.0,-0.14792899408284024
2013-06-17,6690,6780,6780,6690,2550,002070,남영비비안,-60.0,-0.8888888888888888
2013-06-18,6700,6800,6800,6700,2330,002070,남영비비안,10.0,0.14947683109118087
2013-06-19,6760,6730,6760,6720,111,002070,남영비비안,60.0,0.8955223880597015
2013-06-20,6710,6700,6760,6690,2126,002070,남영비비안,-50.0,-0.7396449704142012
2013-06-21,6490,7460,7670,6490,142372,002070,남영비비안,-220.0,-3.278688524590164
2013-06-24,6450,6500,6670,6450,7314,002070,남영비비안,-40.0,-0.6163328197226503
2013-06-25,6310,6420,6450,6180,13510,002070,남영비비안,-140.0,-2.1705426356589146
2013-06-26,6300,6310,6340,6180,5433,002070,남영비비안,-10.0,-0.15847860538827258
2013-06-27,6430,6310,6440,6300,2090,002070,남영비비안,130.0,2.0634920634920633
2013-06-28,6490,6540,6540,6420,4561,002070,남영비비안,60.0,0.9331259720062209
2013-07-01,6560,6550,6600,6490,1490,002070,남영비비안,70.0,1.078582434514638
2013-07-02,6580,6560,6610,6500,2370,002070,남영비비안,20.0,0.3048780487804878
2013-07-03,6500,6600,6600,6430,2340,002070,남영비비안,-80.0,-1.21580547112462
2013-07-04,6530,6500,6530,6430,980,002070,남영비비안,30.0,0.46153846153846156
2013-07-05,6590,6450,6590,6450,40,002070,남영비비안,60.0,0.9188361408882083
2013-07-08,6580,6590,6610,6500,2360,002070,남영비비안,-10.0,-0.15174506828528073
2013-07-09,6500,6550,6550,6440,670,002070,남영비비안,-80.0,-1.21580547112462
2013-07-10,6500,6500,6500,6500,370,002070,남영비비안,0.0,0.0
2013-07-11,6500,6480,6500,6420,1400,002070,남영비비안,0.0,0.0
2013-07-12,6550,6500,6550,6430,2141,002070,남영비비안,50.0,0.7692307692307693
2013-07-15,6450,6560,6560,6430,2500,002070,남영비비안,-100.0,-1.5267175572519083
2013-07-16,6500,6450,6500,6400,3770,002070,남영비비안,50.0,0.7751937984496124
2013-07-17,6510,6510,6510,6510,120,002070,남영비비안,10.0,0.15384615384615385
2013-07-18,6450,6510,6530,6430,1311,002070,남영비비안,-60.0,-0.9216589861751152
2013-07-19,6500,6420,6500,6420,1291,002070,남영비비안,50.0,0.7751937984496124
2013-07-22,6450,6500,6500,6380,1400,002070,남영비비안,-50.0,-0.7692307692307693
2013-07-23,6540,6520,6540,6520,50,002070,남영비비안,90.0,1.3953488372093024
2013-07-24,6540,6540,6540,6460,790,002070,남영비비안,0.0,0.0
2013-07-25,6460,6430,6460,6430,620,002070,남영비비안,-80.0,-1.2232415902140672
2013-07-26,6490,6490,6490,6410,1710,002070,남영비비안,30.0,0.46439628482972134
2013-07-29,6500,6490,6500,6490,140,002070,남영비비안,10.0,0.15408320493066258
2013-07-30,6500,6430,6500,6420,4570,002070,남영비비안,0.0,0.0
2013-07-31,6500,6420,6500,6420,1540,002070,남영비비안,0.0,0.0
2013-08-01,6450,6450,6620,6430,2080,002070,남영비비안,-50.0,-0.7692307692307693
2013-08-02,6540,6440,6540,6420,1380,002070,남영비비안,90.0,1.3953488372093024
2013-08-05,6540,6540,6540,6480,1360,002070,남영비비안,0.0,0.0
2013-08-06,6650,6540,6650,6530,410,002070,남영비비안,110.0,1.6819571865443423
2013-08-07,6620,6520,6620,6520,40,002070,남영비비안,-30.0,-0.4511278195488722
2013-08-08,6610,6620,6620,6510,460,002070,남영비비안,-10.0,-0.1510574018126888
2013-08-09,6580,6580,6580,6580,0,002070,남영비비안,-30.0,-0.45385779122541603
2013-08-12,6580,6500,6590,6500,2730,002070,남영비비안,0.0,0.0
2013-08-13,6570,6510,6570,6510,160,002070,남영비비안,-10.0,-0.1519756838905775
2013-08-14,6550,6490,6550,6490,570,002070,남영비비안,-20.0,-0.30441400304414
2013-08-16,6530,6530,6530,6430,2761,002070,남영비비안,-20.0,-0.3053435114503817
2013-08-19,6570,6590,6590,6550,220,002070,남영비비안,40.0,0.6125574272588056
2013-08-20,6540,6550,6550,6500,210,002070,남영비비안,-30.0,-0.45662100456621
2013-08-21,6420,6530,6530,6420,30100,002070,남영비비안,-120.0,-1.834862385321101
2013-08-22,6470,6350,6480,6350,1380,002070,남영비비안,50.0,0.778816199376947
2013-08-23,6400,6460,6460,6360,470,002070,남영비비안,-70.0,-1.0819165378670788
2013-08-26,6480,6480,6480,6470,210,002070,남영비비안,80.0,1.25
2013-08-27,6660,6480,6680,6400,6292,002070,남영비비안,180.0,2.7777777777777777
2013-08-28,6540,6500,6540,6500,2280,002070,남영비비안,-120.0,-1.8018018018018018
2013-08-29,6590,6570,6600,6570,580,002070,남영비비안,50.0,0.764525993883792
2013-08-30,6460,6520,6520,6460,1490,002070,남영비비안,-130.0,-1.9726858877086493
2013-09-02,6620,6620,6620,6620,110,002070,남영비비안,160.0,2.476780185758514
2013-09-03,6550,6500,6550,6450,580,002070,남영비비안,-70.0,-1.0574018126888218
2013-09-04,6540,6440,6540,6430,1360,002070,남영비비안,-10.0,-0.15267175572519084
2013-09-05,6500,6440,6520,6440,520,002070,남영비비안,-40.0,-0.6116207951070336
2013-09-06,6430,6480,6480,6420,590,002070,남영비비안,-70.0,-1.0769230769230769
2013-09-09,6430,6430,6430,6410,1690,002070,남영비비안,0.0,0.0
2013-09-10,6430,6430,6430,6400,1030,002070,남영비비안,0.0,0.0
2013-09-11,6460,6500,6500,6460,90,002070,남영비비안,30.0,0.46656298600311047
2013-09-12,6460,6460,6460,6440,748,002070,남영비비안,0.0,0.0
2013-09-13,6500,6410,6500,6410,430,002070,남영비비안,40.0,0.6191950464396285
2013-09-16,6500,6500,6500,6500,40,002070,남영비비안,0.0,0.0
2013-09-17,6420,6460,6460,6400,4498,002070,남영비비안,-80.0,-1.2307692307692308
2013-09-23,6440,6460,6480,6440,1460,002070,남영비비안,20.0,0.3115264797507788
2013-09-24,6420,6410,6420,6410,190,002070,남영비비안,-20.0,-0.3105590062111801
2013-09-25,6410,6430,6440,6410,2690,002070,남영비비안,-10.0,-0.1557632398753894
2013-09-26,6470,6470,6470,6470,10,002070,남영비비안,60.0,0.93603744149766
2013-09-27,6470,6480,6480,6440,60,002070,남영비비안,0.0,0.0
2013-09-30,6460,6400,6460,6400,750,002070,남영비비안,-10.0,-0.1545595054095827
2013-10-01,6460,6400,6460,6400,1320,002070,남영비비안,0.0,0.0
2013-10-02,6400,6400,6400,6400,1357,002070,남영비비안,-60.0,-0.9287925696594427
2013-10-04,6400,6390,6430,6390,720,002070,남영비비안,0.0,0.0
2013-10-07,6490,6540,6540,6420,430,002070,남영비비안,90.0,1.40625
2013-10-08,6500,6400,6500,6400,320,002070,남영비비안,10.0,0.15408320493066258
2013-10-10,6500,6500,6500,6500,30,002070,남영비비안,0.0,0.0
2013-10-11,6500,6500,6500,6500,10,002070,남영비비안,0.0,0.0
2013-10-14,6420,6430,6430,6420,270,002070,남영비비안,-80.0,-1.2307692307692308
2013-10-15,6400,6400,6500,6400,260,002070,남영비비안,-20.0,-0.3115264797507788
2013-10-16,6390,6350,6390,6350,180,002070,남영비비안,-10.0,-0.15625
2013-10-17,6390,6300,6390,6300,1290,002070,남영비비안,0.0,0.0
2013-10-18,6330,6300,6390,6300,5040,002070,남영비비안,-60.0,-0.9389671361502347
2013-10-21,6400,6400,6400,6400,10,002070,남영비비안,70.0,1.1058451816745656
2013-10-22,6330,6430,6430,6330,980,002070,남영비비안,-70.0,-1.09375
2013-10-23,6340,6310,6460,6310,505,002070,남영비비안,10.0,0.1579778830963665
2013-10-24,6340,6340,6340,6340,350,002070,남영비비안,0.0,0.0
2013-10-25,6370,6370,6370,6370,10,002070,남영비비안,30.0,0.47318611987381703
2013-10-28,6360,6360,6360,6360,0,002070,남영비비안,-10.0,-0.15698587127158556
2013-10-29,6350,6360,6360,6350,150,002070,남영비비안,-10.0,-0.15723270440251574
2013-10-30,6410,6350,6410,6350,140,002070,남영비비안,60.0,0.9448818897637795
2013-10-31,6400,6310,6400,6310,3150,002070,남영비비안,-10.0,-0.15600624024961
2013-11-01,6400,6450,6450,6340,3255,002070,남영비비안,0.0,0.0
2013-11-04,6400,6400,6400,6400,0,002070,남영비비안,0.0,0.0
2013-11-05,6430,6430,6430,6430,10,002070,남영비비안,30.0,0.46875
2013-11-06,6350,6350,6350,6350,120,002070,남영비비안,-80.0,-1.244167962674961
2013-11-07,6340,6340,6340,6340,0,002070,남영비비안,-10.0,-0.15748031496062992
2013-11-08,6300,6300,6320,6290,1340,002070,남영비비안,-40.0,-0.6309148264984227
2013-11-11,6280,6500,6500,6280,1103,002070,남영비비안,-20.0,-0.31746031746031744
2013-11-12,6330,6300,6330,6300,20,002070,남영비비안,50.0,0.7961783439490446
2013-11-13,6380,6400,6400,6380,20,002070,남영비비안,50.0,0.7898894154818324
2013-11-14,6480,6380,6600,6380,510,002070,남영비비안,100.0,1.5673981191222568
2013-11-15,6470,6480,6480,6410,540,002070,남영비비안,-10.0,-0.15432098765432098
2013-11-18,6320,6360,6460,6320,430,002070,남영비비안,-150.0,-2.3183925811437405
2013-11-19,6370,6330,6370,6300,860,002070,남영비비안,50.0,0.7911392405063291
2013-11-20,6360,6360,6370,6360,2090,002070,남영비비안,-10.0,-0.15698587127158556
2013-11-21,6380,6320,6380,6320,365,002070,남영비비안,20.0,0.3144654088050315
2013-11-22,6360,6330,6360,6300,2910,002070,남영비비안,-20.0,-0.3134796238244514
2013-11-25,6390,6390,6390,6390,100,002070,남영비비안,30.0,0.4716981132075472
2013-11-26,6340,6310,6340,6310,30,002070,남영비비안,-50.0,-0.7824726134585289
2013-11-27,6370,6300,6370,6300,2100,002070,남영비비안,30.0,0.47318611987381703
2013-11-28,6430,6370,6430,6370,1100,002070,남영비비안,60.0,0.9419152276295133
2013-11-29,6380,6340,6380,6340,510,002070,남영비비안,-50.0,-0.7776049766718507
2013-12-02,6390,6390,6390,6390,10,002070,남영비비안,10.0,0.1567398119122257
2013-12-03,6400,6310,6400,6290,600,002070,남영비비안,10.0,0.1564945226917058
2013-12-04,6400,6400,6400,6400,0,002070,남영비비안,0.0,0.0
2013-12-05,6390,6390,6390,6390,0,002070,남영비비안,-10.0,-0.15625
2013-12-06,6390,6390,6390,6390,10,002070,남영비비안,0.0,0.0
2013-12-09,6390,6390,6390,6390,50,002070,남영비비안,0.0,0.0
2013-12-10,6380,6380,6380,6380,0,002070,남영비비안,-10.0,-0.1564945226917058
2013-12-11,6380,6380,6380,6380,0,002070,남영비비안,0.0,0.0
2013-12-12,6380,6380,6380,6290,340,002070,남영비비안,0.0,0.0
2013-12-13,6380,6380,6380,6380,10,002070,남영비비안,0.0,0.0
2013-12-16,6370,6380,6380,6370,50,002070,남영비비안,-10.0,-0.1567398119122257
2013-12-17,6300,6310,6310,6300,350,002070,남영비비안,-70.0,-1.098901098901099
2013-12-18,6340,6300,6350,6280,360,002070,남영비비안,40.0,0.6349206349206349
2013-12-19,6340,6270,6340,6270,550,002070,남영비비안,0.0,0.0
2013-12-20,6380,6380,6380,6380,10,002070,남영비비안,40.0,0.6309148264984227
2013-12-23,6350,6370,6370,6250,600,002070,남영비비안,-30.0,-0.4702194357366771
2013-12-24,6370,6270,6370,6270,441,002070,남영비비안,20.0,0.31496062992125984
2013-12-26,6320,6300,6410,6300,860,002070,남영비비안,-50.0,-0.7849293563579277
2013-12-27,6280,6350,6350,6280,530,002070,남영비비안,-40.0,-0.6329113924050633
2013-12-30,6400,6410,6410,6400,40,002070,남영비비안,120.0,1.910828025477707
2014-01-02,6300,6300,6300,6300,170,002070,남영비비안,-100.0,-1.5625
2014-01-03,6300,6330,6330,6280,290,002070,남영비비안,0.0,0.0
2014-01-06,6340,6340,6340,6340,10,002070,남영비비안,40.0,0.6349206349206349
2014-01-07,6340,6350,6380,6340,30,002070,남영비비안,0.0,0.0
2014-01-08,6400,6400,6400,6400,10,002070,남영비비안,60.0,0.9463722397476341
2014-01-09,6390,6390,6390,6390,0,002070,남영비비안,-10.0,-0.15625
2014-01-10,6400,6400,6400,6400,20,002070,남영비비안,10.0,0.1564945226917058
2014-01-13,6400,6390,6400,6390,60,002070,남영비비안,0.0,0.0
2014-01-14,6390,6390,6400,6390,190,002070,남영비비안,-10.0,-0.15625
2014-01-15,6380,6380,6380,6380,30,002070,남영비비안,-10.0,-0.1564945226917058
2014-01-16,6370,6300,6370,6300,310,002070,남영비비안,-10.0,-0.1567398119122257
2014-01-17,6350,6370,6370,6350,40,002070,남영비비안,-20.0,-0.3139717425431711
2014-01-20,6370,6350,6380,6320,40,002070,남영비비안,20.0,0.31496062992125984
2014-01-21,6270,6280,6360,6260,230,002070,남영비비안,-100.0,-1.5698587127158554
2014-01-22,6370,6270,6370,6270,440,002070,남영비비안,100.0,1.5948963317384368
2014-01-23,6370,6370,6370,6370,0,002070,남영비비안,0.0,0.0
2014-01-24,6370,6370,6370,6370,0,002070,남영비비안,0.0,0.0
2014-01-27,6300,6240,6360,6200,490,002070,남영비비안,-70.0,-1.098901098901099
2014-01-28,6310,6300,6310,6300,110,002070,남영비비안,10.0,0.15873015873015872
2014-01-29,6340,6300,6340,6300,7950,002070,남영비비안,30.0,0.4754358161648178
2014-02-03,6300,6300,6300,6300,9050,002070,남영비비안,-40.0,-0.6309148264984227
2014-02-04,6300,6250,6300,6250,40,002070,남영비비안,0.0,0.0
2014-02-05,6300,6300,6300,6250,460,002070,남영비비안,0.0,0.0
2014-02-06,6300,6300,6300,6300,9094,002070,남영비비안,0.0,0.0
2014-02-07,6300,6220,6300,6220,1065,002070,남영비비안,0.0,0.0
2014-02-10,6300,6340,6340,6250,1106,002070,남영비비안,0.0,0.0
2014-02-11,6260,6290,6290,6260,130,002070,남영비비안,-40.0,-0.6349206349206349
2014-02-12,6300,6300,6300,6280,10860,002070,남영비비안,40.0,0.6389776357827476
2014-02-13,6260,6220,6270,6220,1250,002070,남영비비안,-40.0,-0.6349206349206349
2014-02-14,6260,6220,6260,6210,5690,002070,남영비비안,0.0,0.0
2014-02-17,6300,6300,6310,6300,9021,002070,남영비비안,40.0,0.6389776357827476
2014-02-18,6330,6340,6340,6330,20,002070,남영비비안,30.0,0.4761904761904762
2014-02-19,6300,6300,6300,6300,40,002070,남영비비안,-30.0,-0.47393364928909953
2014-02-20,6330,6300,6330,6280,70,002070,남영비비안,30.0,0.4761904761904762
2014-02-21,6330,6330,6340,6330,200,002070,남영비비안,0.0,0.0
2014-02-24,6300,6300,6390,6300,5610,002070,남영비비안,-30.0,-0.47393364928909953
2014-02-25,6330,6330,6330,6330,10,002070,남영비비안,30.0,0.4761904761904762
2014-02-26,6360,6300,6360,6270,120,002070,남영비비안,30.0,0.47393364928909953
2014-02-27,6300,6270,6360,6270,700,002070,남영비비안,-60.0,-0.9433962264150944
2014-02-28,6290,6290,6290,6290,0,002070,남영비비안,-10.0,-0.15873015873015872
2014-03-03,6260,6300,6300,6250,810,002070,남영비비안,-30.0,-0.47694753577106513
2014-03-04,6290,6290,6290,6230,1550,002070,남영비비안,30.0,0.4792332268370607
2014-03-05,6290,6280,6290,6250,170,002070,남영비비안,0.0,0.0
2014-03-06,6280,6250,6280,6250,80,002070,남영비비안,-10.0,-0.1589825119236884
2014-03-07,6420,6300,6420,6300,19479,002070,남영비비안,140.0,2.229299363057325
2014-03-10,6580,6430,6590,6430,8360,002070,남영비비안,160.0,2.4922118380062304
2014-03-11,6600,6520,6620,6520,3400,002070,남영비비안,20.0,0.303951367781155
2014-03-12,6600,6610,6610,6560,264,002070,남영비비안,0.0,0.0
2014-03-13,6590,6590,6590,6590,0,002070,남영비비안,-10.0,-0.15151515151515152
2014-03-14,6530,6510,6660,6510,730,002070,남영비비안,-60.0,-0.9104704097116844
2014-03-17,6600,6530,6640,6530,300,002070,남영비비안,70.0,1.0719754977029097
2014-03-18,6600,6510,6600,6510,1002,002070,남영비비안,0.0,0.0
2014-03-19,6570,6630,6630,6550,2411,002070,남영비비안,-30.0,-0.45454545454545453
2014-03-20,6510,6510,6640,6500,1460,002070,남영비비안,-60.0,-0.91324200913242
2014-03-21,6590,6540,6600,6540,1232,002070,남영비비안,80.0,1.228878648233487
2014-03-24,6640,6590,6640,6590,250,002070,남영비비안,50.0,0.7587253414264037
2014-03-25,6710,6570,6760,6570,1710,002070,남영비비안,70.0,1.0542168674698795
2014-03-26,6730,6740,6740,6730,190,002070,남영비비안,20.0,0.29806259314456035
2014-03-27,6730,6620,6730,6600,320,002070,남영비비안,0.0,0.0
2014-03-28,6710,6600,6710,6600,1000,002070,남영비비안,-20.0,-0.2971768202080238
2014-03-31,6740,6730,6760,6620,4430,002070,남영비비안,30.0,0.44709388971684055
2014-04-01,6740,6740,6740,6720,2600,002070,남영비비안,0.0,0.0
2014-04-02,6740,6630,6740,6630,1200,002070,남영비비안,0.0,0.0
2014-04-03,6740,6740,6740,6740,110,002070,남영비비안,0.0,0.0
2014-04-04,6740,6740,6750,6740,120,002070,남영비비안,0.0,0.0
2014-04-07,6730,6720,6740,6720,120,002070,남영비비안,-10.0,-0.1483679525222552
2014-04-08,6720,6690,6720,6580,700,002070,남영비비안,-10.0,-0.1485884101040119
2014-04-09,6680,6170,6760,6170,9780,002070,남영비비안,-40.0,-0.5952380952380952
2014-04-10,6680,6670,6680,6590,1320,002070,남영비비안,0.0,0.0
2014-04-11,6680,6680,6680,6500,3230,002070,남영비비안,0.0,0.0
2014-04-14,6670,6670,6670,6670,20,002070,남영비비안,-10.0,-0.14970059880239522
2014-04-15,6670,6660,6670,6660,2510,002070,남영비비안,0.0,0.0
2014-04-16,6710,6690,6720,6650,820,002070,남영비비안,40.0,0.5997001499250375
2014-04-17,6720,6710,6720,6600,1240,002070,남영비비안,10.0,0.14903129657228018
2014-04-18,6770,6750,6770,6740,2720,002070,남영비비안,50.0,0.744047619047619
2014-04-21,7500,6810,7730,6810,34520,002070,남영비비안,730.0,10.782865583456426
2014-04-22,7380,7550,7550,7160,18750,002070,남영비비안,-120.0,-1.6
2014-04-23,7430,7430,7570,7280,4907,002070,남영비비안,50.0,0.6775067750677507
2014-04-24,7400,7490,7490,7200,2062,002070,남영비비안,-30.0,-0.4037685060565276
2014-04-25,7330,7390,7390,7120,2365,002070,남영비비안,-70.0,-0.945945945945946
2014-04-28,7270,7270,7270,7270,0,002070,남영비비안,-60.0,-0.8185538881309686
2014-04-29,7260,7260,7300,7060,2340,002070,남영비비안,-10.0,-0.1375515818431912
2014-04-30,7270,7170,7280,7010,6960,002070,남영비비안,10.0,0.13774104683195593
2014-05-02,7480,7280,7740,7280,1560,002070,남영비비안,210.0,2.8885832187070153
2014-05-07,7460,7480,7480,7310,1130,002070,남영비비안,-20.0,-0.267379679144385
2014-05-08,7450,7470,7470,7310,516,002070,남영비비안,-10.0,-0.13404825737265416
2014-05-09,7500,7500,7500,7500,500,002070,남영비비안,50.0,0.6711409395973155
2014-05-12,7480,7400,7500,7180,1721,002070,남영비비안,-20.0,-0.26666666666666666
2014-05-13,7440,7440,7440,7440,0,002070,남영비비안,-40.0,-0.53475935828877
2014-05-14,7450,7500,7500,7300,1370,002070,남영비비안,10.0,0.13440860215053765
2014-05-15,7400,7400,7400,7310,1220,002070,남영비비안,-50.0,-0.6711409395973155
2014-05-16,7390,7320,7390,7320,220,002070,남영비비안,-10.0,-0.13513513513513514
2014-05-19,7500,7500,7500,7500,1000,002070,남영비비안,110.0,1.4884979702300407
2014-05-20,7400,7350,7500,7350,5601,002070,남영비비안,-100.0,-1.3333333333333335
2014-05-21,7300,7320,7400,7300,1440,002070,남영비비안,-100.0,-1.3513513513513513
2014-05-22,7390,7460,7460,7300,580,002070,남영비비안,90.0,1.2328767123287672
2014-05-23,7370,7450,7450,7150,2360,002070,남영비비안,-20.0,-0.2706359945872801
2014-05-26,7370,7360,7370,7360,230,002070,남영비비안,0.0,0.0
2014-05-27,7250,7360,7360,7000,6120,002070,남영비비안,-120.0,-1.6282225237449117
2014-05-28,7280,7240,7280,7210,1130,002070,남영비비안,30.0,0.41379310344827586
2014-05-29,7310,7290,7310,7180,2990,002070,남영비비안,30.0,0.4120879120879121
2014-05-30,7310,7190,7310,7190,200,002070,남영비비안,0.0,0.0
2014-06-02,7200,7210,7300,7160,1927,002070,남영비비안,-110.0,-1.5047879616963065
2014-06-03,7170,7180,7190,7040,802,002070,남영비비안,-30.0,-0.4166666666666667
2014-06-05,7130,7150,7150,7000,2799,002070,남영비비안,-40.0,-0.5578800557880056
2014-06-09,7010,7120,7120,6970,648,002070,남영비비안,-120.0,-1.6830294530154277
2014-06-10,7160,6920,7400,6920,841,002070,남영비비안,150.0,2.1398002853067046
2014-06-11,7160,7160,7160,7160,10,002070,남영비비안,0.0,0.0
2014-06-12,7150,7150,7190,7050,114,002070,남영비비안,-10.0,-0.13966480446927373
2014-06-13,7100,7150,7280,7100,2611,002070,남영비비안,-50.0,-0.6993006993006993
2014-06-16,7220,7100,7240,7100,1634,002070,남영비비안,120.0,1.6901408450704223
2014-06-17,7200,7200,7230,7200,3155,002070,남영비비안,-20.0,-0.2770083102493075
2014-06-18,7200,7200,7210,7090,317,002070,남영비비안,0.0,0.0
2014-06-19,7200,7190,7240,7150,1329,002070,남영비비안,0.0,0.0
2014-06-20,7200,7070,7230,7060,5983,002070,남영비비안,0.0,0.0
2014-06-23,7240,7270,7270,7200,1182,002070,남영비비안,40.0,0.5555555555555556
2014-06-24,7180,7210,7210,7100,528,002070,남영비비안,-60.0,-0.8287292817679558
2014-06-25,7180,7180,7180,7180,10,002070,남영비비안,0.0,0.0
2014-06-26,7240,7200,7240,7200,4682,002070,남영비비안,60.0,0.8356545961002786
2014-06-27,7270,7240,7270,7200,4740,002070,남영비비안,30.0,0.4143646408839779
2014-06-30,7430,7280,7430,7240,530,002070,남영비비안,160.0,2.200825309491059
2014-07-01,7370,7500,7530,7360,1099,002070,남영비비안,-60.0,-0.8075370121130552
2014-07-02,7410,7410,7410,7280,1242,002070,남영비비안,40.0,0.5427408412483039
2014-07-03,7300,7220,7410,7220,999,002070,남영비비안,-110.0,-1.484480431848853
2014-07-04,7420,7350,7420,7300,1124,002070,남영비비안,120.0,1.643835616438356
2014-07-07,7420,7380,7420,7380,642,002070,남영비비안,0.0,0.0
2014-07-08,7410,7300,7410,7290,879,002070,남영비비안,-10.0,-0.13477088948787064
2014-07-09,7410,7260,7410,7260,487,002070,남영비비안,0.0,0.0
2014-07-10,7230,7270,7360,7230,1915,002070,남영비비안,-180.0,-2.42914979757085
2014-07-11,7360,7220,7360,7210,2247,002070,남영비비안,130.0,1.7980636237897647
2014-07-14,7420,7360,7420,7240,4275,002070,남영비비안,60.0,0.8152173913043478
2014-07-15,7410,7420,7420,7300,547,002070,남영비비안,-10.0,-0.13477088948787064
2014-07-16,7500,7310,7580,7300,2170,002070,남영비비안,90.0,1.214574898785425
2014-07-17,7510,7580,7600,7490,1395,002070,남영비비안,10.0,0.13333333333333333
2014-07-18,7710,7520,7850,7500,5440,002070,남영비비안,200.0,2.6631158455392807
2014-07-21,8340,7710,8850,7710,43732,002070,남영비비안,630.0,8.171206225680933
2014-07-22,8100,8340,8470,7910,11374,002070,남영비비안,-240.0,-2.877697841726619
2014-07-23,7900,8100,8100,7900,3860,002070,남영비비안,-200.0,-2.4691358024691357
2014-07-24,7970,7910,8040,7740,1653,002070,남영비비안,70.0,0.8860759493670887
2014-07-25,7690,7930,7930,7610,5091,002070,남영비비안,-280.0,-3.5131744040150563
2014-07-28,7700,7650,7960,7600,7201,002070,남영비비안,10.0,0.13003901170351106
2014-07-29,7690,7820,7820,7520,3683,002070,남영비비안,-10.0,-0.12987012987012986
2014-07-30,7530,7690,7690,7500,3130,002070,남영비비안,-160.0,-2.080624187256177
2014-07-31,7500,7530,7640,7400,1435,002070,남영비비안,-30.0,-0.398406374501992
2014-08-01,7760,7490,7930,7490,4270,002070,남영비비안,260.0,3.4666666666666663
2014-08-04,7980,7760,8100,7730,5683,002070,남영비비안,220.0,2.8350515463917527
2014-08-05,7800,7960,7960,7710,1467,002070,남영비비안,-180.0,-2.2556390977443606
2014-08-06,7820,7840,8200,7800,3695,002070,남영비비안,20.0,0.2564102564102564
2014-08-07,7820,7820,7860,7680,1120,002070,남영비비안,0.0,0.0
2014-08-08,7900,7740,7900,7740,108,002070,남영비비안,80.0,1.0230179028132993
2014-08-11,7880,7900,7900,7820,158,002070,남영비비안,-20.0,-0.25316455696202533
2014-08-12,7900,7880,8000,7880,224,002070,남영비비안,20.0,0.25380710659898476
2014-08-13,7800,8050,8050,7790,3001,002070,남영비비안,-100.0,-1.2658227848101267
2014-08-14,7950,7840,7970,7800,683,002070,남영비비안,150.0,1.9230769230769231
2014-08-18,7900,7970,8000,7810,996,002070,남영비비안,-50.0,-0.628930817610063
2014-08-19,7950,8000,8000,7900,316,002070,남영비비안,50.0,0.6329113924050633
2014-08-20,7900,7950,7950,7740,549,002070,남영비비안,-50.0,-0.628930817610063
2014-08-21,7850,7900,7900,7850,70,002070,남영비비안,-50.0,-0.6329113924050633
2014-08-22,7800,7800,7900,7800,954,002070,남영비비안,-50.0,-0.6369426751592357
2014-08-25,7900,7800,8050,7800,5338,002070,남영비비안,100.0,1.282051282051282
2014-08-26,7890,8050,8100,7890,2107,002070,남영비비안,-10.0,-0.12658227848101267
2014-08-27,7940,7900,8090,7700,1288,002070,남영비비안,50.0,0.6337135614702154
2014-08-28,8060,7900,8090,7900,4247,002070,남영비비안,120.0,1.5113350125944585
2014-08-29,8080,8050,9100,8050,6478,002070,남영비비안,20.0,0.24813895781637718
2014-09-01,8090,8120,8310,7730,1252,002070,남영비비안,10.0,0.12376237623762376
2014-09-02,8000,7930,8000,7820,1154,002070,남영비비안,-90.0,-1.1124845488257107
2014-09-03,7910,7910,8150,7780,3825,002070,남영비비안,-90.0,-1.125
2014-09-04,7750,7890,7980,7650,1895,002070,남영비비안,-160.0,-2.0227560050568902
2014-09-05,7820,7700,7820,7660,1509,002070,남영비비안,70.0,0.903225806451613
2014-09-11,7660,7820,7900,7660,1576,002070,남영비비안,-160.0,-2.0460358056265986
2014-09-12,7760,7660,7810,7620,1522,002070,남영비비안,100.0,1.3054830287206265
2014-09-15,7880,7820,7930,7600,1607,002070,남영비비안,120.0,1.5463917525773196
2014-09-16,7820,7900,7900,7740,626,002070,남영비비안,-60.0,-0.7614213197969544
2014-09-17,7950,7980,8000,7820,13144,002070,남영비비안,130.0,1.6624040920716114
2014-09-18,7840,7900,7980,7770,3501,002070,남영비비안,-110.0,-1.3836477987421385
2014-09-19,7840,7770,7850,7770,1414,002070,남영비비안,0.0,0.0
2014-09-22,8200,7880,8600,7870,4969,002070,남영비비안,360.0,4.591836734693878
2014-09-23,8060,8220,8220,8060,2396,002070,남영비비안,-140.0,-1.707317073170732
2014-09-24,8210,8100,8210,8080,1891,002070,남영비비안,150.0,1.8610421836228286
2014-09-25,8220,8310,8310,8210,2705,002070,남영비비안,10.0,0.12180267965895249
2014-09-26,8270,8210,8400,8210,5662,002070,남영비비안,50.0,0.6082725060827251
2014-09-29,8250,8270,8310,8140,2720,002070,남영비비안,-20.0,-0.24183796856106407
2014-09-30,8150,8250,8250,8070,2436,002070,남영비비안,-100.0,-1.2121212121212122
2014-10-01,8080,8350,8350,8000,3322,002070,남영비비안,-70.0,-0.8588957055214724
2014-10-02,8300,8080,8490,7970,4699,002070,남영비비안,220.0,2.722772277227723
2014-10-06,8490,8300,8560,8300,8714,002070,남영비비안,190.0,2.289156626506024
2014-10-07,8650,8650,9010,8490,15591,002070,남영비비안,160.0,1.884570082449941
2014-10-08,8590,8880,8880,8570,4599,002070,남영비비안,-60.0,-0.6936416184971098
2014-10-10,8380,8700,8700,7950,3552,002070,남영비비안,-210.0,-2.4447031431897557
2014-10-13,8050,8340,8350,8050,3102,002070,남영비비안,-330.0,-3.9379474940334127
2014-10-14,8400,8010,8470,8010,6265,002070,남영비비안,350.0,4.3478260869565215
2014-10-15,8510,8470,8610,8470,5728,002070,남영비비안,110.0,1.3095238095238095
2014-10-16,8390,8640,8640,8250,5652,002070,남영비비안,-120.0,-1.410105757931845
2014-10-17,8430,8390,8500,8350,2969,002070,남영비비안,40.0,0.47675804529201427
2014-10-20,8300,8430,8430,8180,5408,002070,남영비비안,-130.0,-1.542111506524318
2014-10-21,8210,8290,8380,8210,3547,002070,남영비비안,-90.0,-1.0843373493975903
2014-10-22,8230,8390,8390,8190,9140,002070,남영비비안,20.0,0.24360535931790497
2014-10-23,8280,8260,8350,8160,9365,002070,남영비비안,50.0,0.6075334143377886
2014-10-24,8170,8300,8380,8170,5059,002070,남영비비안,-110.0,-1.328502415458937
2014-10-27,8150,8170,8390,8150,8536,002070,남영비비안,-20.0,-0.24479804161566704
2014-10-28,8250,8330,8330,8150,9157,002070,남영비비안,100.0,1.2269938650306749
2014-10-29,8340,8330,8600,8210,10974,002070,남영비비안,90.0,1.090909090909091
2014-10-30,8300,8240,8380,8240,1863,002070,남영비비안,-40.0,-0.4796163069544364
2014-10-31,8270,8390,8390,8260,2814,002070,남영비비안,-30.0,-0.3614457831325301
2014-11-03,8280,8300,8470,7970,10485,002070,남영비비안,10.0,0.12091898428053204
2014-11-04,8280,8310,8310,8000,5908,002070,남영비비안,0.0,0.0
2014-11-05,8210,8160,8270,8160,1601,002070,남영비비안,-70.0,-0.8454106280193237
2014-11-06,8110,8050,8300,8050,261,002070,남영비비안,-100.0,-1.2180267965895248
2014-11-07,8270,8110,8300,8110,955,002070,남영비비안,160.0,1.972872996300863
2014-11-10,8250,8270,8270,8150,3043,002070,남영비비안,-20.0,-0.24183796856106407
2014-11-11,8250,8250,8270,8150,230,002070,남영비비안,0.0,0.0
2014-11-12,8520,8300,8770,8300,4694,002070,남영비비안,270.0,3.272727272727273
2014-11-13,8320,8520,8520,8220,2656,002070,남영비비안,-200.0,-2.3474178403755865
2014-11-14,8370,8390,8390,8200,1405,002070,남영비비안,50.0,0.6009615384615385
2014-11-17,8440,8380,8460,8380,1753,002070,남영비비안,70.0,0.8363201911589008
2014-11-18,8400,8460,8470,8400,1700,002070,남영비비안,-40.0,-0.47393364928909953
2014-11-19,8470,8490,8490,8440,1644,002070,남영비비안,70.0,0.8333333333333334
2014-11-20,8360,8470,8470,8360,3734,002070,남영비비안,-110.0,-1.2987012987012987
2014-11-21,8470,8450,8600,8430,4140,002070,남영비비안,110.0,1.3157894736842104
2014-11-24,8480,8570,8640,8370,2596,002070,남영비비안,10.0,0.11806375442739078
2014-11-25,8430,8560,8560,8040,2796,002070,남영비비안,-50.0,-0.589622641509434
2014-11-26,8590,8310,8640,8310,2251,002070,남영비비안,160.0,1.8979833926453145
2014-11-27,8490,8590,8600,8490,2238,002070,남영비비안,-100.0,-1.1641443538998837
2014-11-28,8850,8700,8950,8480,4969,002070,남영비비안,360.0,4.240282685512367
2014-12-01,8500,8660,8670,8300,2188,002070,남영비비안,-350.0,-3.954802259887006
2014-12-02,8590,8470,9300,8470,12585,002070,남영비비안,90.0,1.0588235294117647
2014-12-03,8480,8620,8690,8420,8322,002070,남영비비안,-110.0,-1.2805587892898718
2014-12-04,8430,8480,8500,8370,4611,002070,남영비비안,-50.0,-0.589622641509434
2014-12-05,8450,8320,8550,8320,2005,002070,남영비비안,20.0,0.2372479240806643
2014-12-08,8400,8510,8560,8360,3534,002070,남영비비안,-50.0,-0.591715976331361
2014-12-09,8390,8210,8390,8210,1755,002070,남영비비안,-10.0,-0.11904761904761905
2014-12-10,8350,8300,8450,8300,894,002070,남영비비안,-40.0,-0.47675804529201427
2014-12-11,8380,8350,8800,8220,2950,002070,남영비비안,30.0,0.3592814371257485
2014-12-12,8320,8330,8500,8320,1806,002070,남영비비안,-60.0,-0.7159904534606205
2014-12-15,8450,8300,8450,8250,1221,002070,남영비비안,130.0,1.5625
2014-12-16,8210,8310,8310,8150,2813,002070,남영비비안,-240.0,-2.8402366863905324
2014-12-17,8230,8310,8340,8150,1964,002070,남영비비안,20.0,0.24360535931790497
2014-12-18,8100,8290,8290,8080,2234,002070,남영비비안,-130.0,-1.5795868772782502
2014-12-19,8140,8290,8290,8100,1816,002070,남영비비안,40.0,0.49382716049382713
2014-12-22,8120,8140,8150,8100,503,002070,남영비비안,-20.0,-0.2457002457002457
2014-12-23,8240,8080,8240,8080,40522,002070,남영비비안,120.0,1.477832512315271
2014-12-24,8310,8150,8310,8150,254,002070,남영비비안,70.0,0.8495145631067961
2014-12-26,8400,8250,8400,8200,4288,002070,남영비비안,90.0,1.083032490974729
2014-12-29,8200,8080,8200,8070,5377,002070,남영비비안,-200.0,-2.380952380952381
2014-12-30,8310,8200,8310,8200,5328,002070,남영비비안,110.0,1.3414634146341464
2015-01-02,8230,8310,8390,8230,69,002070,남영비비안,-80.0,-0.9626955475330927
2015-01-05,8180,8220,8220,8110,887,002070,남영비비안,-50.0,-0.6075334143377886
2015-01-06,8130,8180,8180,7980,2008,002070,남영비비안,-50.0,-0.6112469437652812
2015-01-07,8060,7800,8060,7800,2897,002070,남영비비안,-70.0,-0.8610086100861009
2015-01-08,7820,7800,7940,7800,2123,002070,남영비비안,-240.0,-2.977667493796526
2015-01-09,7700,7820,7860,7600,5007,002070,남영비비안,-120.0,-1.5345268542199488
2015-01-12,7710,7810,7810,7610,412,002070,남영비비안,10.0,0.12987012987012986
2015-01-13,7790,7730,7820,7670,296,002070,남영비비안,80.0,1.0376134889753565
2015-01-14,7800,7810,7810,7720,430,002070,남영비비안,10.0,0.12836970474967907
2015-01-15,7790,7820,7820,7620,816,002070,남영비비안,-10.0,-0.1282051282051282
2015-01-16,7790,7820,7820,7610,537,002070,남영비비안,0.0,0.0
2015-01-19,7810,7770,7810,7730,215,002070,남영비비안,20.0,0.25673940949935814
2015-01-20,7790,7810,7820,7730,2217,002070,남영비비안,-20.0,-0.2560819462227913
2015-01-21,7840,7630,7840,7600,1612,002070,남영비비안,50.0,0.6418485237483954
2015-01-22,7800,7800,7900,7700,495,002070,남영비비안,-40.0,-0.5102040816326531
2015-01-23,7780,7750,7800,7550,1985,002070,남영비비안,-20.0,-0.2564102564102564
2015-01-26,7800,7730,7800,7730,26,002070,남영비비안,20.0,0.2570694087403599
2015-01-27,8190,7800,8300,7780,4628,002070,남영비비안,390.0,5.0
2015-01-28,8120,8280,8280,7870,3129,002070,남영비비안,-70.0,-0.8547008547008548
2015-01-29,7870,7910,8090,7800,3077,002070,남영비비안,-250.0,-3.0788177339901477
2015-01-30,7990,7870,8000,7860,1191,002070,남영비비안,120.0,1.5247776365946633
2015-02-02,8050,7990,8050,7850,119,002070,남영비비안,60.0,0.7509386733416771
2015-02-03,8070,7840,8090,7840,359,002070,남영비비안,20.0,0.2484472049689441
2015-02-04,7910,7900,7950,7890,582,002070,남영비비안,-160.0,-1.982651796778191
2015-02-05,7910,8050,8070,7890,1083,002070,남영비비안,0.0,0.0
2015-02-06,8000,7910,8050,7820,872,002070,남영비비안,90.0,1.1378002528445006
2015-02-09,7970,7850,8000,7850,15,002070,남영비비안,-30.0,-0.375
2015-02-10,8000,7810,8040,7810,678,002070,남영비비안,30.0,0.37641154328732745
2015-02-11,8020,7900,8050,7870,423,002070,남영비비안,20.0,0.25
2015-02-12,8410,7950,8700,7830,6241,002070,남영비비안,390.0,4.86284289276808
2015-02-13,8280,8360,8480,8200,22783,002070,남영비비안,-130.0,-1.5457788347205708
2015-02-16,9520,8280,9520,8280,94690,002070,남영비비안,1240.0,14.975845410628018
2015-02-17,10900,10900,10900,10900,31322,002070,남영비비안,1380.0,14.495798319327733
2015-02-23,12500,12500,12500,12500,94603,002070,남영비비안,1600.0,14.678899082568808
2015-02-24,12300,13000,14350,11000,857249,002070,남영비비안,-200.0,-1.6
2015-02-25,14000,12900,14100,11550,528128,002070,남영비비안,1700.0,13.821138211382115
2015-02-26,12900,13300,13400,11900,326393,002070,남영비비안,-1100.0,-7.857142857142857
2015-02-27,11600,12450,12750,11300,171015,002070,남영비비안,-1300.0,-10.077519379844961
2015-03-02,10700,11250,11450,10600,116623,002070,남영비비안,-900.0,-7.758620689655173
2015-03-03,11000,10750,11300,10700,83113,002070,남영비비안,300.0,2.803738317757009
2015-03-04,11550,11200,12650,10900,379482,002070,남영비비안,550.0,5.0
2015-03-05,11600,11100,12300,10800,148200,002070,남영비비안,50.0,0.4329004329004329
2015-03-06,10900,11400,12300,10600,124297,002070,남영비비안,-700.0,-6.0344827586206895
2015-03-09,10300,10950,11250,10250,81231,002070,남영비비안,-600.0,-5.5045871559633035
2015-03-10,11800,10550,11800,10450,342460,002070,남영비비안,1500.0,14.563106796116504
2015-03-11,10250,11500,11700,10150,247588,002070,남영비비안,-1550.0,-13.135593220338984
2015-03-12,10100,10400,10500,10000,60409,002070,남영비비안,-150.0,-1.4634146341463417
2015-03-13,10000,10200,10300,9890,49533,002070,남영비비안,-100.0,-0.9900990099009901
2015-03-16,9990,10050,10300,9930,37105,002070,남영비비안,-10.0,-0.1
2015-03-17,10300,10100,10900,9890,77261,002070,남영비비안,310.0,3.1031031031031033
2015-03-18,10250,10150,10350,10000,35112,002070,남영비비안,-50.0,-0.48543689320388345
2015-03-19,10150,10500,10700,10100,33098,002070,남영비비안,-100.0,-0.975609756097561
2015-03-20,9980,10350,10350,9960,27315,002070,남영비비안,-170.0,-1.6748768472906401
2015-03-23,9750,9980,9980,9650,28811,002070,남영비비안,-230.0,-2.3046092184368736
2015-03-24,9840,9700,9930,9600,25060,002070,남영비비안,90.0,0.9230769230769231
2015-03-25,9790,9890,9890,9600,20700,002070,남영비비안,-50.0,-0.5081300813008129
2015-03-26,9840,9850,9870,9670,14834,002070,남영비비안,50.0,0.5107252298263534
2015-03-27,9860,9870,9890,9700,19026,002070,남영비비안,20.0,0.20325203252032523
2015-03-30,10200,9850,10300,9770,30023,002070,남영비비안,340.0,3.4482758620689653
2015-03-31,10250,10250,10500,10000,33640,002070,남영비비안,50.0,0.49019607843137253
2015-04-01,10950,10250,11150,10100,115286,002070,남영비비안,700.0,6.829268292682928
2015-04-02,10750,11100,11400,10500,74073,002070,남영비비안,-200.0,-1.82648401826484
2015-04-03,11150,10950,11600,10650,62518,002070,남영비비안,400.0,3.7209302325581395
2015-04-06,11100,11200,11200,10700,33416,002070,남영비비안,-50.0,-0.4484304932735426
2015-04-07,11350,11250,11550,10900,29193,002070,남영비비안,250.0,2.2522522522522523
2015-04-08,11150,11100,11200,10700,41416,002070,남영비비안,-200.0,-1.762114537444934
2015-04-09,11200,11050,11450,10900,40842,002070,남영비비안,50.0,0.4484304932735426
2015-04-10,11050,11200,11350,10950,22590,002070,남영비비안,-150.0,-1.3392857142857142
2015-04-13,11500,11250,11800,10900,38025,002070,남영비비안,450.0,4.072398190045249
2015-04-14,12500,11500,12900,11400,117097,002070,남영비비안,1000.0,8.695652173913043
2015-04-15,12200,12400,12600,11950,46643,002070,남영비비안,-300.0,-2.4
2015-04-16,12400,13150,14000,12200,363814,002070,남영비비안,200.0,1.639344262295082
2015-04-17,12000,12200,12250,11850,45759,002070,남영비비안,-400.0,-3.225806451612903
2015-04-20,12300,12000,12300,11650,38539,002070,남영비비안,300.0,2.5
2015-04-21,12000,12500,12500,11900,28148,002070,남영비비안,-300.0,-2.4390243902439024
2015-04-22,12400,12800,12800,11800,91792,002070,남영비비안,400.0,3.3333333333333335
2015-04-23,13000,12450,13650,12150,155975,002070,남영비비안,600.0,4.838709677419355
2015-04-24,12550,13000,13050,12500,33025,002070,남영비비안,-450.0,-3.4615384615384617
2015-04-27,12550,12600,12750,12300,27453,002070,남영비비안,0.0,0.0
2015-04-28,12100,12550,12700,11900,28343,002070,남영비비안,-450.0,-3.5856573705179287
2015-04-29,11750,12000,12200,11700,17994,002070,남영비비안,-350.0,-2.8925619834710745
2015-04-30,11650,11500,11700,11050,27454,002070,남영비비안,-100.0,-0.851063829787234
2015-05-04,11350,11600,11750,11250,8163,002070,남영비비안,-300.0,-2.575107296137339
2015-05-06,10950,11050,11600,10700,17501,002070,남영비비안,-400.0,-3.524229074889868
2015-05-07,11200,10850,11200,10500,9821,002070,남영비비안,250.0,2.28310502283105
2015-05-08,11400,11100,11500,11000,9317,002070,남영비비안,200.0,1.7857142857142856
2015-05-11,11250,11900,11900,11100,7527,002070,남영비비안,-150.0,-1.3157894736842104
2015-05-12,11150,11150,11250,10950,7941,002070,남영비비안,-100.0,-0.8888888888888888
2015-05-13,11550,11250,11600,11150,8232,002070,남영비비안,400.0,3.587443946188341
2015-05-14,11550,11400,11900,11300,8751,002070,남영비비안,0.0,0.0
2015-05-15,11350,11450,11700,11350,10096,002070,남영비비안,-200.0,-1.7316017316017316
2015-05-18,11100,11400,11500,10900,12030,002070,남영비비안,-250.0,-2.2026431718061676
2015-05-19,10650,11000,11150,10650,11331,002070,남영비비안,-450.0,-4.054054054054054
2015-05-20,10100,10500,10750,9970,37144,002070,남영비비안,-550.0,-5.164319248826291
2015-05-21,10450,10150,10500,9950,33250,002070,남영비비안,350.0,3.4653465346534658
2015-05-22,10900,10450,10950,10200,28515,002070,남영비비안,450.0,4.30622009569378
2015-05-26,10800,11150,11150,10750,12036,002070,남영비비안,-100.0,-0.9174311926605505
2015-05-27,9980,10800,10850,9980,27141,002070,남영비비안,-820.0,-7.592592592592593
2015-05-28,10000,10150,10500,10000,16744,002070,남영비비안,20.0,0.2004008016032064
2015-05-29,9970,10050,10300,9970,16199,002070,남영비비안,-30.0,-0.3
2015-06-01,9890,10000,10250,9710,10479,002070,남영비비안,-80.0,-0.802407221664995
2015-06-02,9750,10000,10000,9630,10191,002070,남영비비안,-140.0,-1.4155712841253791
2015-06-03,9200,9750,9750,9160,21461,002070,남영비비안,-550.0,-5.641025641025641
2015-06-04,9360,9200,9400,9200,8954,002070,남영비비안,160.0,1.7391304347826086
2015-06-05,9260,9100,9290,9010,12064,002070,남영비비안,-100.0,-1.0683760683760684
2015-06-08,9250,9340,9350,9160,11715,002070,남영비비안,-10.0,-0.10799136069114472
2015-06-09,9960,9250,10400,9250,37772,002070,남영비비안,710.0,7.675675675675675
2015-06-10,11450,9960,11450,9900,165873,002070,남영비비안,1490.0,14.959839357429718
2015-06-11,11100,12000,12700,10650,184164,002070,남영비비안,-350.0,-3.056768558951965
2015-06-12,12300,11100,12700,11100,257628,002070,남영비비안,1200.0,10.81081081081081
2015-06-15,10750,11800,12300,10450,92714,002070,남영비비안,-1550.0,-12.601626016260163
2015-06-16,10700,10550,11000,10250,58781,002070,남영비비안,-50.0,-0.46511627906976744
2015-06-17,10500,10750,10750,10150,37994,002070,남영비비안,-200.0,-1.8691588785046727
2015-06-18,10400,10750,10750,10200,36028,002070,남영비비안,-100.0,-0.9523809523809524
2015-06-19,10500,10300,10700,10250,23374,002070,남영비비안,100.0,0.9615384615384616
2015-06-22,11250,10400,11700,10350,73352,002070,남영비비안,750.0,7.142857142857142
2015-06-23,11250,11750,11800,11000,35790,002070,남영비비안,0.0,0.0
2015-06-24,11450,11250,11550,10800,35960,002070,남영비비안,200.0,1.7777777777777777
2015-06-25,11400,11200,11750,11050,26759,002070,남영비비안,-50.0,-0.43668122270742354
2015-06-26,11000,11400,11400,10900,24174,002070,남영비비안,-400.0,-3.508771929824561
2015-06-29,10250,10550,10850,10250,15248,002070,남영비비안,-750.0,-6.8181818181818175
2015-06-30,11250,10050,11250,10000,27582,002070,남영비비안,1000.0,9.75609756097561
2015-07-01,10800,11250,11300,10650,20088,002070,남영비비안,-450.0,-4.0
2015-07-02,10800,10800,10950,10500,12457,002070,남영비비안,0.0,0.0
2015-07-03,10400,10700,10750,10200,30579,002070,남영비비안,-400.0,-3.7037037037037033
2015-07-06,9920,10400,10400,9920,33612,002070,남영비비안,-480.0,-4.615384615384616
2015-07-07,10100,10000,10300,9820,12329,002070,남영비비안,180.0,1.8145161290322582
2015-07-08,10000,10050,10150,9950,6621,002070,남영비비안,-100.0,-0.9900990099009901
2015-07-09,9720,9900,9950,9560,19690,002070,남영비비안,-280.0,-2.8000000000000003
2015-07-10,9920,9730,10250,9730,8310,002070,남영비비안,200.0,2.05761316872428
2015-07-13,10100,10000,10150,9850,6926,002070,남영비비안,180.0,1.8145161290322582
2015-07-14,10450,10250,10500,10000,20640,002070,남영비비안,350.0,3.4653465346534658
2015-07-15,10550,10700,10950,10350,14082,002070,남영비비안,100.0,0.9569377990430622
2015-07-16,10350,10550,10800,10350,12893,002070,남영비비안,-200.0,-1.8957345971563981
2015-07-17,10350,10350,10450,10150,8084,002070,남영비비안,0.0,0.0
2015-07-20,10450,10450,10700,10150,11507,002070,남영비비안,100.0,0.966183574879227
2015-07-21,10450,10350,10550,10350,5078,002070,남영비비안,0.0,0.0
2015-07-22,10250,10350,10400,10100,8407,002070,남영비비안,-200.0,-1.9138755980861244
2015-07-23,11000,10250,11200,10150,29611,002070,남영비비안,750.0,7.317073170731707
2015-07-24,11400,10850,11400,10550,33096,002070,남영비비안,400.0,3.6363636363636362
2015-07-27,10900,11150,11400,10900,13521,002070,남영비비안,-500.0,-4.385964912280701
2015-07-28,11000,10750,11100,9750,21339,002070,남영비비안,100.0,0.9174311926605505
2015-07-29,11000,10750,11300,10750,8518,002070,남영비비안,0.0,0.0
2015-07-30,11150,10950,11200,10650,11789,002070,남영비비안,150.0,1.3636363636363635
2015-07-31,10950,11050,11050,10750,10683,002070,남영비비안,-200.0,-1.7937219730941705
2015-08-03,10800,10600,11100,10600,6474,002070,남영비비안,-150.0,-1.36986301369863
2015-08-04,11200,11000,11250,10800,8983,002070,남영비비안,400.0,3.7037037037037033
2015-08-05,12000,11000,12000,11000,40760,002070,남영비비안,800.0,7.142857142857142
2015-08-06,12000,11700,12200,11600,13825,002070,남영비비안,0.0,0.0
2015-08-07,12000,11800,12300,11700,14692,002070,남영비비안,0.0,0.0
2015-08-10,11800,12150,12150,11200,10754,002070,남영비비안,-200.0,-1.6666666666666667
2015-08-11,11150,11800,11800,11150,8561,002070,남영비비안,-650.0,-5.508474576271186
2015-08-12,11100,11200,11200,10700,14338,002070,남영비비안,-50.0,-0.4484304932735426
2015-08-13,11200,11300,11300,10950,11499,002070,남영비비안,100.0,0.9009009009009009
2015-08-17,11200,11200,11200,10800,10541,002070,남영비비안,0.0,0.0
2015-08-18,11000,11200,11600,10800,8444,002070,남영비비안,-200.0,-1.7857142857142856
2015-08-19,10800,11000,11000,10450,7459,002070,남영비비안,-200.0,-1.8181818181818181
2015-08-20,10900,10800,11100,10550,2607,002070,남영비비안,100.0,0.9259259259259258
2015-08-21,10000,10500,10700,9990,12424,002070,남영비비안,-900.0,-8.256880733944955
2015-08-24,9990,9990,10300,9850,4312,002070,남영비비안,-10.0,-0.1
2015-08-25,10400,9860,10400,9860,14208,002070,남영비비안,410.0,4.1041041041041035
2015-08-26,10500,10150,10500,10150,8598,002070,남영비비안,100.0,0.9615384615384616
2015-08-27,10850,10600,11200,10400,11149,002070,남영비비안,350.0,3.3333333333333335
2015-08-28,10950,10800,11100,10800,3784,002070,남영비비안,100.0,0.9216589861751152
2015-08-31,11050,11000,11100,10950,3685,002070,남영비비안,100.0,0.91324200913242
2015-09-01,11300,11150,11300,10900,6463,002070,남영비비안,250.0,2.262443438914027
2015-09-02,11300,11100,11450,11000,5884,002070,남영비비안,0.0,0.0
2015-09-03,11500,11200,11700,11050,9722,002070,남영비비안,200.0,1.7699115044247788
2015-09-04,11450,11450,11600,11150,6695,002070,남영비비안,-50.0,-0.43478260869565216
2015-09-07,11100,11200,11250,10900,7713,002070,남영비비안,-350.0,-3.056768558951965
2015-09-08,11100,11150,11150,10650,8831,002070,남영비비안,0.0,0.0
2015-09-09,11400,11050,11400,11000,7197,002070,남영비비안,300.0,2.7027027027027026
2015-09-10,11500,11250,11500,11200,3903,002070,남영비비안,100.0,0.8771929824561403
2015-09-11,11400,11500,11500,11150,10252,002070,남영비비안,-100.0,-0.8695652173913043
2015-09-14,11400,11250,11450,11100,5342,002070,남영비비안,0.0,0.0
2015-09-15,11200,11250,11300,11000,6112,002070,남영비비안,-200.0,-1.7543859649122806
2015-09-16,11200,11200,11650,11050,6839,002070,남영비비안,0.0,0.0
2015-09-17,11300,11200,11400,11100,6756,002070,남영비비안,100.0,0.8928571428571428
2015-09-18,11550,11200,11550,11150,6960,002070,남영비비안,250.0,2.2123893805309733
2015-09-21,12050,11400,12400,11400,16295,002070,남영비비안,500.0,4.329004329004329
2015-09-22,12000,12250,12300,11850,11201,002070,남영비비안,-50.0,-0.4149377593360996
2015-09-23,12050,11850,12150,11700,11719,002070,남영비비안,50.0,0.4166666666666667
2015-09-24,12000,12050,12200,11750,9555,002070,남영비비안,-50.0,-0.4149377593360996
2015-09-25,12100,11900,12100,11700,3447,002070,남영비비안,100.0,0.8333333333333334
2015-09-30,12100,11900,12150,11850,3187,002070,남영비비안,0.0,0.0
2015-10-01,11950,11900,12100,11600,16445,002070,남영비비안,-150.0,-1.2396694214876034
2015-10-02,11950,11800,11950,11700,4557,002070,남영비비안,0.0,0.0
2015-10-05,11650,12000,12000,11600,8820,002070,남영비비안,-300.0,-2.510460251046025
2015-10-06,11600,11650,11900,11600,6846,002070,남영비비안,-50.0,-0.4291845493562232
2015-10-07,11800,11550,11800,11550,1589,002070,남영비비안,200.0,1.7241379310344827
2015-10-08,11800,11650,11900,11600,3317,002070,남영비비안,0.0,0.0
2015-10-12,11750,11700,11750,11550,6536,002070,남영비비안,-50.0,-0.423728813559322
2015-10-13,11700,11600,11750,11550,5540,002070,남영비비안,-50.0,-0.425531914893617
2015-10-14,11600,11600,11750,11450,5857,002070,남영비비안,-100.0,-0.8547008547008548
2015-10-15,11400,11550,11600,11300,3532,002070,남영비비안,-200.0,-1.7241379310344827
2015-10-16,11200,11500,11500,11000,8247,002070,남영비비안,-200.0,-1.7543859649122806
2015-10-19,11100,11250,11250,11000,2286,002070,남영비비안,-100.0,-0.8928571428571428
2015-10-20,11250,11100,11250,11000,1460,002070,남영비비안,150.0,1.3513513513513513
2015-10-21,11050,11250,11250,11000,2706,002070,남영비비안,-200.0,-1.7777777777777777
2015-10-22,10950,11050,11050,10900,2362,002070,남영비비안,-100.0,-0.904977375565611
2015-10-23,11200,11100,11200,11050,1807,002070,남영비비안,250.0,2.28310502283105
2015-10-26,11100,11350,11350,11000,1685,002070,남영비비안,-100.0,-0.8928571428571428
2015-10-27,11000,11050,11150,10900,2406,002070,남영비비안,-100.0,-0.9009009009009009
2015-10-28,10700,11100,11100,10500,3986,002070,남영비비안,-300.0,-2.727272727272727
2015-10-29,10700,10550,10800,10550,1814,002070,남영비비안,0.0,0.0
2015-10-30,10750,10950,10950,10750,1068,002070,남영비비안,50.0,0.46728971962616817
2015-11-02,10750,11100,11100,10550,991,002070,남영비비안,0.0,0.0
2015-11-03,10750,10850,10850,10600,828,002070,남영비비안,0.0,0.0
2015-11-04,10750,10600,10800,10550,1997,002070,남영비비안,0.0,0.0
2015-11-05,10850,10800,10850,10700,1407,002070,남영비비안,100.0,0.9302325581395349
2015-11-06,10900,10850,10950,10850,667,002070,남영비비안,50.0,0.4608294930875576
2015-11-09,10750,10900,10950,10650,3296,002070,남영비비안,-150.0,-1.3761467889908259
2015-11-10,10600,10750,10750,10400,5629,002070,남영비비안,-150.0,-1.3953488372093024
2015-11-11,10450,10400,10600,10350,3991,002070,남영비비안,-150.0,-1.4150943396226416
2015-11-12,10350,10400,10450,10350,2825,002070,남영비비안,-100.0,-0.9569377990430622
2015-11-13,10100,10200,10350,10000,2928,002070,남영비비안,-250.0,-2.4154589371980677
2015-11-16,10000,9950,10100,9950,1396,002070,남영비비안,-100.0,-0.9900990099009901
2015-11-17,10100,9950,10150,9800,5075,002070,남영비비안,100.0,1.0
2015-11-18,10100,10200,10200,9900,1282,002070,남영비비안,0.0,0.0
2015-11-19,10100,10200,10200,9950,2848,002070,남영비비안,0.0,0.0
2015-11-20,9960,10150,10200,9950,4068,002070,남영비비안,-140.0,-1.3861386138613863
2015-11-23,9920,9960,10000,9840,2085,002070,남영비비안,-40.0,-0.4016064257028112
2015-11-24,10200,9920,10850,9860,4816,002070,남영비비안,280.0,2.82258064516129
2015-11-25,10350,10200,10800,10150,1713,002070,남영비비안,150.0,1.4705882352941175
2015-11-26,10500,10600,10600,10300,1252,002070,남영비비안,150.0,1.4492753623188406
2015-11-27,10550,10500,10600,10300,981,002070,남영비비안,50.0,0.4761904761904762
2015-11-30,10300,10550,10550,10250,2651,002070,남영비비안,-250.0,-2.3696682464454977
2015-12-01,10150,10300,10350,10150,1372,002070,남영비비안,-150.0,-1.4563106796116505
2015-12-02,10100,10100,10150,9980,2255,002070,남영비비안,-50.0,-0.49261083743842365
2015-12-03,10000,9990,10150,9950,1925,002070,남영비비안,-100.0,-0.9900990099009901
2015-12-04,10150,9920,10150,9890,2105,002070,남영비비안,150.0,1.5
2015-12-07,10100,10200,10200,9920,3399,002070,남영비비안,-50.0,-0.49261083743842365
2015-12-08,10200,10150,10200,9940,1742,002070,남영비비안,100.0,0.9900990099009901
2015-12-09,10200,10150,10300,9950,1530,002070,남영비비안,0.0,0.0
2015-12-10,10200,10300,10300,10000,1656,002070,남영비비안,0.0,0.0
2015-12-11,10150,10050,10200,9980,1480,002070,남영비비안,-50.0,-0.49019607843137253
2015-12-14,10000,9970,10100,9960,1349,002070,남영비비안,-150.0,-1.477832512315271
2015-12-15,10000,9950,10050,9920,1687,002070,남영비비안,0.0,0.0
2015-12-16,10050,10100,10100,9940,514,002070,남영비비안,50.0,0.5
2015-12-17,10050,10050,10100,9960,488,002070,남영비비안,0.0,0.0
2015-12-18,10100,10050,10100,9960,1044,002070,남영비비안,50.0,0.4975124378109453
2015-12-21,10050,10100,10100,9950,521,002070,남영비비안,-50.0,-0.49504950495049505
2015-12-22,9960,9950,10050,9950,1787,002070,남영비비안,-90.0,-0.8955223880597015
2015-12-23,10050,9950,10050,9950,1238,002070,남영비비안,90.0,0.9036144578313252
2015-12-24,10100,9980,10150,9930,1727,002070,남영비비안,50.0,0.4975124378109453
2015-12-28,10150,10500,10500,9990,1847,002070,남영비비안,50.0,0.49504950495049505
2015-12-29,10150,10050,10450,9930,2210,002070,남영비비안,0.0,0.0
2015-12-30,10100,10200,10200,9990,553,002070,남영비비안,-50.0,-0.49261083743842365
2016-01-04,10000,10000,10150,9980,746,002070,남영비비안,-100.0,-0.9900990099009901
2016-01-05,10000,10000,10000,9970,949,002070,남영비비안,0.0,0.0
2016-01-06,10000,10000,10100,9930,3014,002070,남영비비안,0.0,0.0
2016-01-07,9950,10000,10000,9800,3363,002070,남영비비안,-50.0,-0.5
2016-01-08,9870,9860,9880,9790,767,002070,남영비비안,-80.0,-0.8040201005025126
2016-01-11,9920,9870,9950,9590,3021,002070,남영비비안,50.0,0.5065856129685917
2016-01-12,9900,9920,10000,9780,783,002070,남영비비안,-20.0,-0.20161290322580644
2016-01-13,10200,9900,11650,9800,4129,002070,남영비비안,300.0,3.0303030303030303
2016-01-14,9960,10600,10650,9960,5143,002070,남영비비안,-240.0,-2.3529411764705883
2016-01-15,10050,10250,10250,9970,964,002070,남영비비안,90.0,0.9036144578313252
2016-01-18,9930,10050,10100,9730,232,002070,남영비비안,-120.0,-1.1940298507462688
2016-01-19,9890,9930,9930,9830,175,002070,남영비비안,-40.0,-0.4028197381671702
2016-01-20,10000,9890,10000,9600,1956,002070,남영비비안,110.0,1.1122345803842264
2016-01-21,9990,10000,10300,9790,2078,002070,남영비비안,-10.0,-0.1
2016-01-22,9990,9950,9990,9850,865,002070,남영비비안,0.0,0.0
2016-01-25,9840,9820,9950,9720,3369,002070,남영비비안,-150.0,-1.5015015015015014
2016-01-26,9890,9830,9900,9560,2001,002070,남영비비안,50.0,0.5081300813008129
2016-01-27,9890,9890,9890,9750,2763,002070,남영비비안,0.0,0.0
2016-01-28,10000,9900,10000,9900,596,002070,남영비비안,110.0,1.1122345803842264
2016-01-29,10000,10050,10050,10000,41,002070,남영비비안,0.0,0.0
2016-02-01,10000,10050,10300,9860,1317,002070,남영비비안,0.0,0.0
2016-02-02,9930,10250,10250,9920,180,002070,남영비비안,-70.0,-0.7000000000000001
2016-02-03,10000,9930,10000,9930,107,002070,남영비비안,70.0,0.7049345417925479
2016-02-04,10050,9860,10100,9860,363,002070,남영비비안,50.0,0.5
2016-02-05,10050,10050,10050,9910,1212,002070,남영비비안,0.0,0.0
2016-02-11,9950,10000,10000,9750,790,002070,남영비비안,-100.0,-0.9950248756218906
2016-02-12,9660,9800,9850,9600,961,002070,남영비비안,-290.0,-2.9145728643216082
2016-02-15,9830,9660,10050,9650,304,002070,남영비비안,170.0,1.7598343685300208
2016-02-16,9740,9830,9840,9740,457,002070,남영비비안,-90.0,-0.9155645981688708
2016-02-17,9810,9680,9810,9190,3496,002070,남영비비안,70.0,0.7186858316221766
2016-02-18,9800,9900,9900,9700,867,002070,남영비비안,-10.0,-0.10193679918450561
2016-02-19,9900,9800,9900,9710,439,002070,남영비비안,100.0,1.0204081632653061
2016-02-22,9850,9890,9890,9850,545,002070,남영비비안,-50.0,-0.5050505050505051
2016-02-23,9820,9850,9850,9750,691,002070,남영비비안,-30.0,-0.3045685279187817
2016-02-24,9880,10000,10000,9650,1138,002070,남영비비안,60.0,0.6109979633401221
2016-02-25,9390,9850,9850,9180,3248,002070,남영비비안,-490.0,-4.959514170040486
2016-02-26,9670,9400,9670,9320,2892,002070,남영비비안,280.0,2.9818956336528224
2016-02-29,9660,9670,9670,9520,700,002070,남영비비안,-10.0,-0.1034126163391934
2016-03-02,9540,9500,9610,9400,3661,002070,남영비비안,-120.0,-1.2422360248447204
2016-03-03,9460,9530,9530,9350,621,002070,남영비비안,-80.0,-0.8385744234800839
2016-03-04,9530,9400,9550,9350,1658,002070,남영비비안,70.0,0.7399577167019027
2016-03-07,9520,9560,9560,9450,185,002070,남영비비안,-10.0,-0.1049317943336831
2016-03-08,9520,9530,9550,9520,735,002070,남영비비안,0.0,0.0
2016-03-09,9600,9430,9640,9400,2115,002070,남영비비안,80.0,0.8403361344537815
2016-03-10,9530,9570,9620,9400,2222,002070,남영비비안,-70.0,-0.7291666666666666
2016-03-11,9520,9530,9530,9400,853,002070,남영비비안,-10.0,-0.1049317943336831
2016-03-14,9410,9520,9520,9180,6902,002070,남영비비안,-110.0,-1.1554621848739497
2016-03-15,9380,9400,9400,9270,4095,002070,남영비비안,-30.0,-0.3188097768331562
2016-03-16,9350,9370,9370,9250,459,002070,남영비비안,-30.0,-0.31982942430703626
2016-03-17,9350,9340,9350,9250,903,002070,남영비비안,0.0,0.0
2016-03-18,9340,9350,9350,9240,635,002070,남영비비안,-10.0,-0.10695187165775401
2016-03-21,9390,9380,9430,9300,354,002070,남영비비안,50.0,0.5353319057815845
2016-03-22,9330,9310,9390,9110,4340,002070,남영비비안,-60.0,-0.6389776357827476
2016-03-23,9330,9300,9330,9180,237,002070,남영비비안,0.0,0.0
2016-03-24,9250,9360,9360,9180,1510,002070,남영비비안,-80.0,-0.857449088960343
2016-03-25,9240,9210,9290,8990,12918,002070,남영비비안,-10.0,-0.10810810810810811
2016-03-28,9170,9110,9220,9000,6932,002070,남영비비안,-70.0,-0.7575757575757576
2016-03-29,9170,9170,9230,9000,3463,002070,남영비비안,0.0,0.0
2016-03-30,9070,9150,9150,8980,15543,002070,남영비비안,-100.0,-1.0905125408942202
2016-03-31,9040,9080,9080,9000,1331,002070,남영비비안,-30.0,-0.33076074972436603
2016-04-01,9050,9130,9130,8990,929,002070,남영비비안,10.0,0.11061946902654868
2016-04-04,9080,9130,9130,9010,1377,002070,남영비비안,30.0,0.3314917127071823
2016-04-05,9100,9080,9110,9010,2567,002070,남영비비안,20.0,0.22026431718061676
2016-04-06,9150,9050,9230,9050,2732,002070,남영비비안,50.0,0.5494505494505495
2016-04-07,9170,9230,9230,9100,1574,002070,남영비비안,20.0,0.2185792349726776
2016-04-08,9230,9170,9250,9060,2601,002070,남영비비안,60.0,0.6543075245365322
2016-04-11,9160,9240,9300,9160,1757,002070,남영비비안,-70.0,-0.7583965330444203
2016-04-12,9260,9260,9280,9200,1027,002070,남영비비안,100.0,1.0917030567685588
2016-04-14,9240,9290,9290,9080,1898,002070,남영비비안,-20.0,-0.21598272138228944
2016-04-15,9080,9200,9200,8800,7967,002070,남영비비안,-160.0,-1.7316017316017316
2016-04-18,9060,8990,9060,8900,5570,002070,남영비비안,-20.0,-0.22026431718061676
2016-04-19,9120,9080,9120,9030,2003,002070,남영비비안,60.0,0.6622516556291391
2016-04-20,9140,9130,9140,9000,5097,002070,남영비비안,20.0,0.21929824561403508
2016-04-21,9190,9060,9200,9060,1995,002070,남영비비안,50.0,0.5470459518599562
2016-04-22,9160,9180,9190,9050,4288,002070,남영비비안,-30.0,-0.3264417845484222
2016-04-25,9150,9070,9150,9050,1928,002070,남영비비안,-10.0,-0.10917030567685589
2016-04-26,9150,9000,9180,8980,3293,002070,남영비비안,0.0,0.0
2016-04-27,9230,9050,9240,9050,1530,002070,남영비비안,80.0,0.8743169398907104
2016-04-28,9160,9200,9280,9080,687,002070,남영비비안,-70.0,-0.7583965330444203
2016-04-29,9180,9150,9190,9130,486,002070,남영비비안,20.0,0.21834061135371177
2016-05-02,9250,9260,9260,9140,2619,002070,남영비비안,70.0,0.7625272331154684
2016-05-03,9270,9280,9290,9150,1670,002070,남영비비안,20.0,0.21621621621621623
2016-05-04,9190,9260,9260,9090,1706,002070,남영비비안,-80.0,-0.8629989212513484
2016-05-09,9150,9130,9170,9050,1926,002070,남영비비안,-40.0,-0.4352557127312296
2016-05-10,9230,9190,9230,9100,1798,002070,남영비비안,80.0,0.8743169398907104
2016-05-11,9190,9230,9230,9190,471,002070,남영비비안,-40.0,-0.43336944745395445
2016-05-12,9250,9220,9250,9150,1013,002070,남영비비안,60.0,0.6528835690968444
2016-05-13,9230,9250,9250,9120,882,002070,남영비비안,-20.0,-0.21621621621621623
2016-05-16,9220,9220,9220,9120,2314,002070,남영비비안,-10.0,-0.10834236186348861
2016-05-17,9150,9160,9210,9090,2096,002070,남영비비안,-70.0,-0.7592190889370932
2016-05-18,9100,9190,9200,9010,757,002070,남영비비안,-50.0,-0.546448087431694
2016-05-19,9070,9180,9180,9000,1499,002070,남영비비안,-30.0,-0.32967032967032966
2016-05-20,9060,9050,9090,9020,1292,002070,남영비비안,-10.0,-0.11025358324145534
2016-05-23,9020,9060,9090,9020,453,002070,남영비비안,-40.0,-0.44150110375275936
2016-05-24,8960,9120,9120,8960,1809,002070,남영비비안,-60.0,-0.6651884700665188
2016-05-25,9030,8990,9030,8980,1305,002070,남영비비안,70.0,0.78125
2016-05-26,9040,9130,9130,9030,261,002070,남영비비안,10.0,0.11074197120708748
2016-05-27,9090,9010,9140,9010,469,002070,남영비비안,50.0,0.5530973451327433
2016-05-30,9070,9170,9170,8830,4983,002070,남영비비안,-20.0,-0.22002200220022
2016-05-31,9070,9070,9110,9020,487,002070,남영비비안,0.0,0.0
2016-06-01,9070,9070,9070,8900,1235,002070,남영비비안,0.0,0.0
2016-06-02,9060,9050,9070,9000,210,002070,남영비비안,-10.0,-0.11025358324145534
2016-06-03,9040,9150,9150,8970,1398,002070,남영비비안,-20.0,-0.22075055187637968
2016-06-07,9110,8990,9120,8980,2949,002070,남영비비안,70.0,0.7743362831858407
2016-06-08,9100,9110,9110,9010,1695,002070,남영비비안,-10.0,-0.10976948408342481
2016-06-09,9120,9100,9140,9070,1591,002070,남영비비안,20.0,0.21978021978021978
2016-06-10,9100,9130,9160,9040,839,002070,남영비비안,-20.0,-0.21929824561403508
2016-06-13,9050,9100,9160,9020,1588,002070,남영비비안,-50.0,-0.5494505494505495
2016-06-14,8970,9100,9100,8930,1688,002070,남영비비안,-80.0,-0.8839779005524863
2016-06-15,9000,8980,9050,8970,355,002070,남영비비안,30.0,0.33444816053511706
2016-06-16,9080,9100,9100,9000,146,002070,남영비비안,80.0,0.8888888888888888
2016-06-17,8980,9000,9070,8900,857,002070,남영비비안,-100.0,-1.1013215859030838
2016-06-20,9020,8980,9030,8880,2525,002070,남영비비안,40.0,0.4454342984409799
2016-06-21,9010,8990,9010,8920,356,002070,남영비비안,-10.0,-0.11086474501108648
2016-06-22,9010,9010,9060,8950,713,002070,남영비비안,0.0,0.0
2016-06-23,8920,8970,9010,8920,614,002070,남영비비안,-90.0,-0.9988901220865706
2016-06-24,8780,8930,8930,8630,3628,002070,남영비비안,-140.0,-1.5695067264573992
2016-06-27,8820,8770,8860,8710,719,002070,남영비비안,40.0,0.45558086560364464
2016-06-28,8770,8790,8800,8560,2488,002070,남영비비안,-50.0,-0.5668934240362812
2016-06-29,8720,8770,8820,8700,1064,002070,남영비비안,-50.0,-0.5701254275940707
2016-06-30,8880,9280,9280,8780,1519,002070,남영비비안,160.0,1.834862385321101
2016-07-01,9050,9020,9200,8990,303,002070,남영비비안,170.0,1.9144144144144142
2016-07-04,9040,9000,9050,8950,1686,002070,남영비비안,-10.0,-0.11049723756906078
2016-07-05,9070,8970,9140,8970,2365,002070,남영비비안,30.0,0.33185840707964603
2016-07-06,8920,9140,9140,8920,1106,002070,남영비비안,-150.0,-1.6538037486218304
2016-07-07,8940,9070,9110,8920,799,002070,남영비비안,20.0,0.2242152466367713
2016-07-08,9110,8900,9170,8900,1846,002070,남영비비안,170.0,1.901565995525727
2016-07-11,8920,8960,9050,8910,2502,002070,남영비비안,-190.0,-2.0856201975850714
2016-07-12,8900,8900,8930,8700,3096,002070,남영비비안,-20.0,-0.2242152466367713
2016-07-13,8990,8810,9000,8810,591,002070,남영비비안,90.0,1.0112359550561798
2016-07-14,8980,8910,8980,8890,641,002070,남영비비안,-10.0,-0.11123470522803114
2016-07-15,9030,8980,9100,8950,727,002070,남영비비안,50.0,0.5567928730512249
2016-07-18,9030,9000,9030,8910,454,002070,남영비비안,0.0,0.0
2016-07-19,9010,9030,9030,8920,397,002070,남영비비안,-20.0,-0.22148394241417496
2016-07-20,9020,9010,9070,8900,391,002070,남영비비안,10.0,0.11098779134295228
2016-07-21,9070,9020,9070,8840,1456,002070,남영비비안,50.0,0.5543237250554324
2016-07-22,9050,9050,9100,8970,3912,002070,남영비비안,-20.0,-0.2205071664829107
2016-07-25,9050,9000,9050,8840,1911,002070,남영비비안,0.0,0.0
2016-07-26,9060,9050,9070,9050,1480,002070,남영비비안,10.0,0.11049723756906078
2016-07-27,9050,8990,9150,8990,2981,002070,남영비비안,-10.0,-0.11037527593818984
2016-07-28,9050,9000,9140,9000,1906,002070,남영비비안,0.0,0.0
2016-07-29,9100,9100,9100,9050,977,002070,남영비비안,50.0,0.5524861878453038
2016-08-01,9100,9100,9240,9100,102,002070,남영비비안,0.0,0.0
2016-08-02,9100,9000,9120,8970,4240,002070,남영비비안,0.0,0.0
2016-08-03,9190,9200,9290,9100,6326,002070,남영비비안,90.0,0.9890109890109889
2016-08-04,9200,9190,9200,9100,1655,002070,남영비비안,10.0,0.1088139281828074
2016-08-05,9360,9200,9360,9150,2139,002070,남영비비안,160.0,1.7391304347826086
2016-08-08,9440,9300,9500,9110,8108,002070,남영비비안,80.0,0.8547008547008548
2016-08-09,9310,9490,9490,9120,7629,002070,남영비비안,-130.0,-1.3771186440677965
2016-08-10,9480,9300,9590,9200,2638,002070,남영비비안,170.0,1.8259935553168638
2016-08-11,9450,9500,9500,9310,2108,002070,남영비비안,-30.0,-0.31645569620253167
2016-08-12,9440,9450,9480,9250,984,002070,남영비비안,-10.0,-0.10582010582010583
2016-08-16,9420,9440,9440,9410,1116,002070,남영비비안,-20.0,-0.211864406779661
2016-08-17,9370,9390,9390,9210,1625,002070,남영비비안,-50.0,-0.5307855626326964
2016-08-18,9380,9430,9440,9360,66,002070,남영비비안,10.0,0.10672358591248667
2016-08-19,9380,9250,9390,9250,501,002070,남영비비안,0.0,0.0
2016-08-22,9190,9150,9450,9090,2113,002070,남영비비안,-190.0,-2.025586353944563
2016-08-23,9290,9500,9500,9180,61,002070,남영비비안,100.0,1.088139281828074
2016-08-24,9030,9290,9290,9000,4791,002070,남영비비안,-260.0,-2.798708288482239
2016-08-25,9150,8920,9190,8920,1775,002070,남영비비안,120.0,1.3289036544850499
2016-08-26,8960,9000,9170,8960,2304,002070,남영비비안,-190.0,-2.0765027322404372
2016-08-29,8890,8930,9000,8890,885,002070,남영비비안,-70.0,-0.78125
2016-08-30,8810,9000,9080,8810,684,002070,남영비비안,-80.0,-0.8998875140607425
2016-08-31,8880,8960,8960,8810,1699,002070,남영비비안,70.0,0.7945516458569807
2016-09-01,8900,8800,9000,8800,934,002070,남영비비안,20.0,0.22522522522522523
2016-09-02,8840,8940,8940,8840,65,002070,남영비비안,-60.0,-0.6741573033707865
2016-09-05,8660,8880,8890,8500,7769,002070,남영비비안,-180.0,-2.0361990950226243
2016-09-06,8760,8570,8760,8570,1835,002070,남영비비안,100.0,1.1547344110854503
2016-09-07,8890,8760,8900,8610,3341,002070,남영비비안,130.0,1.4840182648401825
2016-09-08,8900,8890,8930,8770,2575,002070,남영비비안,10.0,0.11248593925759282
2016-09-09,8830,8920,8920,8660,1868,002070,남영비비안,-70.0,-0.7865168539325843
2016-09-12,8750,8780,8790,8570,2027,002070,남영비비안,-80.0,-0.9060022650056626
2016-09-13,8700,8750,8760,8590,888,002070,남영비비안,-50.0,-0.5714285714285714
2016-09-19,8740,8680,8780,8560,1257,002070,남영비비안,40.0,0.45977011494252873
2016-09-20,8570,8740,8740,8570,1777,002070,남영비비안,-170.0,-1.9450800915331807
2016-09-21,8590,8570,8680,8500,7317,002070,남영비비안,20.0,0.2333722287047841
2016-09-22,8640,8590,8650,8590,1371,002070,남영비비안,50.0,0.5820721769499418
2016-09-23,8650,8500,8670,8500,2201,002070,남영비비안,10.0,0.11574074074074073
2016-09-26,8680,8680,8740,8570,1240,002070,남영비비안,30.0,0.3468208092485549
2016-09-27,8680,8720,8720,8600,237,002070,남영비비안,0.0,0.0
2016-09-28,8620,8610,8720,8490,9883,002070,남영비비안,-60.0,-0.6912442396313364
2016-09-29,8540,8550,8610,8520,870,002070,남영비비안,-80.0,-0.9280742459396751
2016-09-30,8600,8520,8600,8500,551,002070,남영비비안,60.0,0.702576112412178
2016-10-04,8580,8600,8600,8510,1816,002070,남영비비안,-20.0,-0.23255813953488372
2016-10-05,8560,8580,8580,8490,11901,002070,남영비비안,-20.0,-0.2331002331002331
2016-10-06,8540,8560,8560,8480,14845,002070,남영비비안,-20.0,-0.23364485981308408
2016-10-07,8490,8460,8540,8460,6607,002070,남영비비안,-50.0,-0.5854800936768151
2016-10-10,8480,8470,8540,8470,9493,002070,남영비비안,-10.0,-0.11778563015312131
2016-10-11,8560,8530,8560,8490,3229,002070,남영비비안,80.0,0.9433962264150944
2016-10-12,8700,8610,8700,8590,6713,002070,남영비비안,140.0,1.6355140186915886
2016-10-13,8720,8650,8730,8620,2771,002070,남영비비안,20.0,0.22988505747126436
2016-10-14,8690,8730,8790,8600,5202,002070,남영비비안,-30.0,-0.34403669724770647
2016-10-17,8630,8650,8700,8560,5453,002070,남영비비안,-60.0,-0.6904487917146145
2016-10-18,8610,8630,8670,8600,438,002070,남영비비안,-20.0,-0.2317497103128621
2016-10-19,8580,8650,8650,8540,548,002070,남영비비안,-30.0,-0.34843205574912894
2016-10-20,8650,8680,8680,8630,251,002070,남영비비안,70.0,0.8158508158508158
2016-10-21,8630,8650,8650,8560,1937,002070,남영비비안,-20.0,-0.23121387283236997
2016-10-24,8550,8530,8680,8530,1521,002070,남영비비안,-80.0,-0.9269988412514484
2016-10-25,8580,8530,8630,8500,1008,002070,남영비비안,30.0,0.3508771929824561
2016-10-26,8480,8610,8610,8450,2106,002070,남영비비안,-100.0,-1.1655011655011656
2016-10-27,8440,8410,8490,8410,907,002070,남영비비안,-40.0,-0.4716981132075472
2016-10-28,8450,8440,8480,8390,1110,002070,남영비비안,10.0,0.11848341232227488
2016-10-31,8360,8440,8440,8360,900,002070,남영비비안,-90.0,-1.0650887573964496
2016-11-01,8310,8400,8400,8200,2673,002070,남영비비안,-50.0,-0.5980861244019139
2016-11-02,8210,8290,8290,8100,2051,002070,남영비비안,-100.0,-1.203369434416366
2016-11-03,8190,8290,8290,8130,715,002070,남영비비안,-20.0,-0.24360535931790497
2016-11-04,8250,8290,8290,8020,998,002070,남영비비안,60.0,0.7326007326007326
2016-11-07,8300,8270,8300,8270,1272,002070,남영비비안,50.0,0.6060606060606061
2016-11-08,8320,8310,8330,8300,435,002070,남영비비안,20.0,0.24096385542168677
2016-11-09,8170,8350,8350,8000,1841,002070,남영비비안,-150.0,-1.8028846153846152
2016-11-10,8160,8170,8200,8020,1593,002070,남영비비안,-10.0,-0.12239902080783352
2016-11-11,8100,8130,8190,7960,4081,002070,남영비비안,-60.0,-0.7352941176470588
2016-11-14,8060,8130,8130,7990,2090,002070,남영비비안,-40.0,-0.49382716049382713
2016-11-15,8050,8060,8060,7960,2582,002070,남영비비안,-10.0,-0.12406947890818859
2016-11-16,8030,8080,8080,7980,1849,002070,남영비비안,-20.0,-0.2484472049689441
2016-11-17,8050,8040,8050,7990,1078,002070,남영비비안,20.0,0.24906600249066002
2016-11-18,8030,8010,8080,7970,2977,002070,남영비비안,-20.0,-0.2484472049689441
2016-11-21,7990,8030,8030,7960,2197,002070,남영비비안,-40.0,-0.49813200498132004
2016-11-22,7990,7910,8030,7910,1094,002070,남영비비안,0.0,0.0
2016-11-23,8010,8040,8040,7870,6360,002070,남영비비안,20.0,0.2503128911138924
2016-11-24,8080,8070,8090,8030,3447,002070,남영비비안,70.0,0.8739076154806492
2016-11-25,8000,8110,8110,7930,809,002070,남영비비안,-80.0,-0.9900990099009901
2016-11-28,8200,8110,8900,7930,28439,002070,남영비비안,200.0,2.5
2016-11-29,10000,8700,10650,8600,919639,002070,남영비비안,1800.0,21.951219512195124
2016-11-30,9370,9930,9940,9190,216566,002070,남영비비안,-630.0,-6.3
2016-12-01,9200,9370,9680,9020,115064,002070,남영비비안,-170.0,-1.814300960512273
2016-12-02,9280,9240,9620,9120,61914,002070,남영비비안,80.0,0.8695652173913043
2016-12-05,8860,9370,9370,8640,82306,002070,남영비비안,-420.0,-4.525862068965517
2016-12-06,8910,8950,9080,8770,33351,002070,남영비비안,50.0,0.5643340857787811
2016-12-07,8770,8980,9080,8530,35070,002070,남영비비안,-140.0,-1.5712682379349048
2016-12-08,8690,8790,8790,8600,12036,002070,남영비비안,-80.0,-0.9122006841505131
2016-12-09,8660,8700,8830,8610,8730,002070,남영비비안,-30.0,-0.34522439585730724
2016-12-12,8860,8700,8870,8630,20102,002070,남영비비안,200.0,2.3094688221709005
2016-12-13,8870,8860,8890,8760,9949,002070,남영비비안,10.0,0.1128668171557562
2016-12-14,8850,8820,8980,8820,9496,002070,남영비비안,-20.0,-0.2254791431792559
2016-12-15,8850,8860,8940,8780,5143,002070,남영비비안,0.0,0.0
2016-12-16,8950,8850,9040,8850,8340,002070,남영비비안,100.0,1.1299435028248588
2016-12-19,8880,9060,9060,8860,4844,002070,남영비비안,-70.0,-0.782122905027933
2016-12-20,8830,8880,9020,8820,8577,002070,남영비비안,-50.0,-0.5630630630630631
2016-12-21,8880,8940,8940,8810,2908,002070,남영비비안,50.0,0.5662514156285391
2016-12-22,8820,8880,8880,8800,6131,002070,남영비비안,-60.0,-0.6756756756756757
2016-12-23,8820,8770,8930,8770,1821,002070,남영비비안,0.0,0.0
2016-12-26,8830,8820,8940,8820,6198,002070,남영비비안,10.0,0.11337868480725624
2016-12-27,8830,8830,8880,8830,3919,002070,남영비비안,0.0,0.0
2016-12-28,8870,8830,8920,8750,3710,002070,남영비비안,40.0,0.4530011325028313
2016-12-29,8850,8860,8870,8780,1791,002070,남영비비안,-20.0,-0.2254791431792559
2017-01-02,8880,8850,8910,8810,3119,002070,남영비비안,30.0,0.3389830508474576
2017-01-03,8820,8810,8950,8810,2979,002070,남영비비안,-60.0,-0.6756756756756757
2017-01-04,8820,8830,8830,8780,1946,002070,남영비비안,0.0,0.0
2017-01-05,8650,8830,8880,8650,7810,002070,남영비비안,-170.0,-1.9274376417233559
2017-01-06,8610,8630,8770,8610,6887,002070,남영비비안,-40.0,-0.46242774566473993
2017-01-09,8610,8630,8670,8570,5615,002070,남영비비안,0.0,0.0
2017-01-10,8570,8610,8670,8570,4863,002070,남영비비안,-40.0,-0.4645760743321719
2017-01-11,8560,8610,8650,8560,2051,002070,남영비비안,-10.0,-0.11668611435239205
2017-01-12,8570,8560,8600,8550,5595,002070,남영비비안,10.0,0.11682242990654204
2017-01-13,8660,8780,8780,8500,5282,002070,남영비비안,90.0,1.0501750291715286
2017-01-16,8570,8550,8650,8510,5306,002070,남영비비안,-90.0,-1.0392609699769053
2017-01-17,8620,8600,8640,8500,3742,002070,남영비비안,50.0,0.5834305717619603
2017-01-18,8610,8740,8740,8490,5022,002070,남영비비안,-10.0,-0.11600928074245939
2017-01-19,8510,8610,8650,8510,2160,002070,남영비비안,-100.0,-1.1614401858304297
2017-01-20,8540,8510,8590,8510,3203,002070,남영비비안,30.0,0.35252643948296125
2017-01-23,8600,8540,8650,8540,1995,002070,남영비비안,60.0,0.702576112412178
2017-01-24,8510,8600,8620,8510,3599,002070,남영비비안,-90.0,-1.0465116279069768
2017-01-25,8440,8580,8580,8340,8228,002070,남영비비안,-70.0,-0.8225616921269095
2017-01-26,8420,8380,8520,8370,821,002070,남영비비안,-20.0,-0.23696682464454977
2017-01-31,8330,8480,8480,8320,3968,002070,남영비비안,-90.0,-1.0688836104513064
2017-02-01,8350,8400,8400,8230,5846,002070,남영비비안,20.0,0.24009603841536614
2017-02-02,8210,8410,8410,8190,5958,002070,남영비비안,-140.0,-1.6766467065868262
2017-02-03,8200,8190,8260,8170,3599,002070,남영비비안,-10.0,-0.12180267965895249
2017-02-06,8210,8180,8230,8110,2743,002070,남영비비안,10.0,0.12195121951219512
2017-02-07,8210,8180,8210,8120,838,002070,남영비비안,0.0,0.0
2017-02-08,8110,8210,8220,8100,1595,002070,남영비비안,-100.0,-1.2180267965895248
2017-02-09,8170,8120,8340,8100,2733,002070,남영비비안,60.0,0.7398273736128237
2017-02-10,8260,8150,8310,8140,2320,002070,남영비비안,90.0,1.101591187270502
2017-02-13,8360,8260,8360,8160,5215,002070,남영비비안,100.0,1.2106537530266344
2017-02-14,8400,8420,8430,8290,1343,002070,남영비비안,40.0,0.4784688995215311
2017-02-15,8340,8260,8440,8260,393,002070,남영비비안,-60.0,-0.7142857142857143
2017-02-16,8390,8380,8420,8310,1001,002070,남영비비안,50.0,0.5995203836930456
2017-02-17,8330,8310,8420,8310,2300,002070,남영비비안,-60.0,-0.7151370679380215
2017-02-20,8420,8330,8430,8280,1415,002070,남영비비안,90.0,1.0804321728691477
2017-02-21,8440,8450,8490,8320,1342,002070,남영비비안,20.0,0.23752969121140144
2017-02-22,8520,8450,8530,8340,3532,002070,남영비비안,80.0,0.9478672985781991
2017-02-23,8520,8570,8570,8410,1454,002070,남영비비안,0.0,0.0
2017-02-24,8540,8360,8600,8360,2153,002070,남영비비안,20.0,0.2347417840375587
2017-02-27,8550,8600,8600,8480,1397,002070,남영비비안,10.0,0.117096018735363
2017-02-28,8570,8550,8570,8390,1095,002070,남영비비안,20.0,0.23391812865497078
2017-03-02,8530,8440,8650,8430,404,002070,남영비비안,-40.0,-0.4667444574095682
2017-03-03,8510,8610,8610,8410,430,002070,남영비비안,-20.0,-0.23446658851113714
2017-03-06,8390,8390,8540,8360,1457,002070,남영비비안,-120.0,-1.410105757931845
2017-03-07,8450,8530,8530,8350,459,002070,남영비비안,60.0,0.7151370679380215
2017-03-08,8380,8510,8510,8360,413,002070,남영비비안,-70.0,-0.8284023668639053
2017-03-09,8430,8480,8480,8320,944,002070,남영비비안,50.0,0.5966587112171837
2017-03-10,8430,8400,8440,8340,2075,002070,남영비비안,0.0,0.0
2017-03-13,8480,8500,8510,8410,432,002070,남영비비안,50.0,0.5931198102016607
2017-03-14,8450,8470,8470,8380,609,002070,남영비비안,-30.0,-0.3537735849056604
2017-03-15,8370,8480,8480,8370,1848,002070,남영비비안,-80.0,-0.9467455621301776
2017-03-16,8330,8350,8400,8330,4387,002070,남영비비안,-40.0,-0.4778972520908005
2017-03-17,8330,8500,8500,8320,788,002070,남영비비안,0.0,0.0
2017-03-20,8850,8350,8980,8320,21631,002070,남영비비안,520.0,6.24249699879952
2017-03-21,8510,8900,9190,8490,10782,002070,남영비비안,-340.0,-3.84180790960452
2017-03-22,8440,8510,8610,8440,4957,002070,남영비비안,-70.0,-0.8225616921269095
2017-03-23,8510,8540,8700,8430,2974,002070,남영비비안,70.0,0.8293838862559242
2017-03-24,8650,8510,8650,8500,683,002070,남영비비안,140.0,1.645123384253819
2017-03-27,8350,8710,8710,8350,2434,002070,남영비비안,-300.0,-3.4682080924855487
2017-03-28,8360,8450,8630,8340,2853,002070,남영비비안,10.0,0.11976047904191617
2017-03-29,8430,8390,8610,8320,1065,002070,남영비비안,70.0,0.8373205741626795
2017-03-30,8480,8640,8640,8390,833,002070,남영비비안,50.0,0.5931198102016607
2017-03-31,8430,8590,8590,8390,2774,002070,남영비비안,-50.0,-0.589622641509434
2017-04-03,8430,8390,8490,8360,1395,002070,남영비비안,0.0,0.0
2017-04-04,8420,8430,8590,8390,3727,002070,남영비비안,-10.0,-0.11862396204033215
2017-04-05,8420,8570,8570,8370,2038,002070,남영비비안,0.0,0.0
2017-04-06,8420,8370,8420,8370,337,002070,남영비비안,0.0,0.0
2017-04-07,8430,8380,8510,8370,2279,002070,남영비비안,10.0,0.11876484560570072
2017-04-10,8350,8470,8660,8250,5999,002070,남영비비안,-80.0,-0.9489916963226572
2017-04-11,8400,8520,8570,8400,1007,002070,남영비비안,50.0,0.5988023952095809
2017-04-12,8450,8450,8520,8420,1551,002070,남영비비안,50.0,0.5952380952380952
2017-04-13,8490,8450,8530,8450,1429,002070,남영비비안,40.0,0.4733727810650888
2017-04-14,8470,8700,8700,8450,4164,002070,남영비비안,-20.0,-0.23557126030624262
2017-04-17,8510,8640,8640,8470,2122,002070,남영비비안,40.0,0.47225501770956313
2017-04-18,8550,8640,8640,8500,1087,002070,남영비비안,40.0,0.4700352526439483
2017-04-19,8570,8620,8620,8450,1285,002070,남영비비안,20.0,0.23391812865497078
2017-04-20,8570,8610,8610,8460,1698,002070,남영비비안,0.0,0.0
2017-04-21,8600,8570,8610,8540,2059,002070,남영비비안,30.0,0.3500583430571762
2017-04-24,8500,8490,8620,8490,1246,002070,남영비비안,-100.0,-1.1627906976744187
2017-04-25,8470,8550,8630,8470,1483,002070,남영비비안,-30.0,-0.35294117647058826
2017-04-26,8540,8500,8600,8480,5538,002070,남영비비안,70.0,0.8264462809917356
2017-04-27,8540,8540,8600,8480,3679,002070,남영비비안,0.0,0.0
2017-04-28,8500,8640,8640,8450,4155,002070,남영비비안,-40.0,-0.468384074941452
2017-05-02,8570,8620,8620,8500,2187,002070,남영비비안,70.0,0.823529411764706
2017-05-04,8530,8570,8600,8480,1273,002070,남영비비안,-40.0,-0.4667444574095682
2017-05-08,8560,8620,8620,8500,1465,002070,남영비비안,30.0,0.3516998827667058
2017-05-10,8680,8560,8710,8510,7938,002070,남영비비안,120.0,1.4018691588785046
2017-05-11,8660,8730,8780,8550,3754,002070,남영비비안,-20.0,-0.2304147465437788
2017-05-12,8650,8760,8760,8580,1492,002070,남영비비안,-10.0,-0.11547344110854503
2017-05-15,8640,8740,8740,8600,1470,002070,남영비비안,-10.0,-0.11560693641618498
2017-05-16,8670,8730,8730,8510,3001,002070,남영비비안,30.0,0.3472222222222222
2017-05-17,8680,8610,8700,8570,1696,002070,남영비비안,10.0,0.11534025374855825
2017-05-18,8640,8610,8700,8580,1851,002070,남영비비안,-40.0,-0.4608294930875576
2017-05-19,8720,8640,8730,8640,2795,002070,남영비비안,80.0,0.9259259259259258
2017-05-22,8990,8720,9320,8720,7187,002070,남영비비안,270.0,3.096330275229358
2017-05-23,8850,9170,9220,8820,8598,002070,남영비비안,-140.0,-1.557285873192436
2017-05-24,8860,8850,9010,8720,1775,002070,남영비비안,10.0,0.11299435028248588
2017-05-25,8870,8860,9100,8860,2528,002070,남영비비안,10.0,0.1128668171557562
2017-05-26,8950,9080,9080,8870,1326,002070,남영비비안,80.0,0.9019165727170236
2017-05-29,8980,8950,9050,8820,3671,002070,남영비비안,30.0,0.33519553072625696
2017-05-30,9050,9100,9100,8870,1800,002070,남영비비안,70.0,0.779510022271715
2017-05-31,8900,9050,9050,8830,3788,002070,남영비비안,-150.0,-1.6574585635359116
2017-06-01,8860,8830,8920,8830,1565,002070,남영비비안,-40.0,-0.44943820224719105
2017-06-02,8850,8820,8910,8780,3044,002070,남영비비안,-10.0,-0.1128668171557562
2017-06-05,8860,8850,8890,8810,1065,002070,남영비비안,10.0,0.11299435028248588
2017-06-07,8800,8860,8900,8780,2323,002070,남영비비안,-60.0,-0.6772009029345373
2017-06-08,9000,8860,9190,8860,4852,002070,남영비비안,200.0,2.272727272727273
2017-06-09,8850,9000,9000,8840,892,002070,남영비비안,-150.0,-1.6666666666666667
2017-06-12,8830,8850,8850,8720,2160,002070,남영비비안,-20.0,-0.22598870056497175
2017-06-13,8880,8760,9090,8760,2735,002070,남영비비안,50.0,0.5662514156285391
2017-06-14,8820,8880,9010,8810,3891,002070,남영비비안,-60.0,-0.6756756756756757
2017-06-15,8800,8990,8990,8790,665,002070,남영비비안,-20.0,-0.22675736961451248
2017-06-16,8790,8770,8900,8720,2034,002070,남영비비안,-10.0,-0.11363636363636363
2017-06-19,8850,8910,8910,8780,846,002070,남영비비안,60.0,0.6825938566552902
2017-06-20,8820,8830,8830,8730,2283,002070,남영비비안,-30.0,-0.3389830508474576
2017-06-21,8780,8960,8960,8700,2510,002070,남영비비안,-40.0,-0.45351473922902497
2017-06-22,8700,8710,8840,8700,1016,002070,남영비비안,-80.0,-0.9111617312072893
2017-06-23,8670,8700,8790,8670,1471,002070,남영비비안,-30.0,-0.3448275862068966
2017-06-26,8800,8600,8800,8600,8858,002070,남영비비안,130.0,1.4994232987312572
2017-06-27,8760,8790,8800,8650,1489,002070,남영비비안,-40.0,-0.45454545454545453
2017-06-28,8820,8790,8820,8780,1986,002070,남영비비안,60.0,0.684931506849315
2017-06-29,8850,8850,8860,8800,982,002070,남영비비안,30.0,0.3401360544217687
2017-06-30,8920,9050,9050,8860,344,002070,남영비비안,70.0,0.7909604519774011
2017-07-03,8880,8920,8920,8800,446,002070,남영비비안,-40.0,-0.4484304932735426
2017-07-04,8850,8880,8880,8750,357,002070,남영비비안,-30.0,-0.33783783783783783
2017-07-05,8860,8880,8880,8730,416,002070,남영비비안,10.0,0.11299435028248588
2017-07-06,8880,8900,8900,8800,61,002070,남영비비안,20.0,0.2257336343115124
