Date,Close,Open,High,Low,Volume,Code,Company,Up&Down,Rate
2014-12-05,4145,3605,4145,3605,1795662,140520,대창스틸,0.0,0.0
2014-12-08,3525,3815,3975,3525,3852533,140520,대창스틸,-620.0,-14.957780458383596
2014-12-09,3170,3630,3700,3135,1664832,140520,대창스틸,-355.0,-10.070921985815604
2014-12-10,3095,3160,3190,3040,682438,140520,대창스틸,-75.0,-2.365930599369085
2014-12-11,2945,3085,3150,2880,724428,140520,대창스틸,-150.0,-4.846526655896607
2014-12-12,2755,2960,2985,2735,629941,140520,대창스틸,-190.0,-6.451612903225806
2014-12-15,2800,2725,2925,2660,598336,140520,대창스틸,45.0,1.6333938294010888
2014-12-16,2590,2705,2770,2570,555037,140520,대창스틸,-210.0,-7.5
2014-12-17,2770,2610,2935,2570,1235167,140520,대창스틸,180.0,6.94980694980695
2014-12-18,2945,2790,3185,2675,1475280,140520,대창스틸,175.0,6.31768953068592
2014-12-19,2940,2970,3015,2880,383120,140520,대창스틸,-5.0,-0.1697792869269949
2014-12-22,2970,2995,3050,2925,300463,140520,대창스틸,30.0,1.0204081632653061
2014-12-23,2990,2950,3055,2950,227333,140520,대창스틸,20.0,0.6734006734006733
2014-12-24,3435,3000,3435,3000,1443441,140520,대창스틸,445.0,14.88294314381271
2014-12-26,3665,3560,3870,3470,1480872,140520,대창스틸,230.0,6.695778748180495
2014-12-29,3165,3550,3590,3120,1010999,140520,대창스틸,-500.0,-13.642564802182811
2014-12-30,2900,3165,3205,2850,687224,140520,대창스틸,-265.0,-8.372827804107425
2015-01-02,2940,2935,3010,2900,330205,140520,대창스틸,40.0,1.3793103448275863
2015-01-05,2920,2960,2990,2895,259620,140520,대창스틸,-20.0,-0.6802721088435374
2015-01-06,2770,2860,2865,2745,340843,140520,대창스틸,-150.0,-5.136986301369863
2015-01-07,2800,2770,2800,2720,214036,140520,대창스틸,30.0,1.083032490974729
2015-01-08,2865,2845,2900,2800,199942,140520,대창스틸,65.0,2.3214285714285716
2015-01-09,2840,2895,2900,2815,135701,140520,대창스틸,-25.0,-0.8726003490401396
2015-01-12,2810,2840,2860,2790,97579,140520,대창스틸,-30.0,-1.056338028169014
2015-01-13,2995,2810,3110,2810,1232621,140520,대창스틸,185.0,6.583629893238434
2015-01-14,3030,2990,3070,2990,318605,140520,대창스틸,35.0,1.1686143572621035
2015-01-15,3020,3070,3080,2980,249713,140520,대창스틸,-10.0,-0.33003300330033003
2015-01-16,3020,3055,3060,2950,240056,140520,대창스틸,0.0,0.0
2015-01-19,3075,3050,3125,3015,246572,140520,대창스틸,55.0,1.8211920529801324
2015-01-20,2970,3115,3135,2970,267711,140520,대창스틸,-105.0,-3.414634146341464
2015-01-21,2915,2970,2995,2860,164851,140520,대창스틸,-55.0,-1.8518518518518516
2015-01-22,3145,2930,3300,2900,1533241,140520,대창스틸,230.0,7.890222984562607
2015-01-23,3125,3145,3240,3090,362490,140520,대창스틸,-20.0,-0.6359300476947536
2015-01-26,3280,3175,3280,3135,509860,140520,대창스틸,155.0,4.96
2015-01-27,3135,3330,3450,3135,436412,140520,대창스틸,-145.0,-4.420731707317073
2015-01-28,3155,3130,3190,3025,272467,140520,대창스틸,20.0,0.6379585326953748
2015-01-29,3220,3165,3450,3140,1299794,140520,대창스틸,65.0,2.0602218700475436
2015-01-30,3300,3280,3430,3155,676066,140520,대창스틸,80.0,2.484472049689441
2015-02-02,3590,3365,3795,3365,2755401,140520,대창스틸,290.0,8.787878787878787
2015-02-03,3540,3610,3870,3470,995782,140520,대창스틸,-50.0,-1.392757660167131
2015-02-04,3680,3560,3680,3470,401173,140520,대창스틸,140.0,3.954802259887006
2015-02-05,3730,3655,3730,3565,397137,140520,대창스틸,50.0,1.358695652173913
2015-02-06,3950,3730,4250,3660,1151826,140520,대창스틸,220.0,5.898123324396782
2015-02-09,3960,3945,4130,3890,369496,140520,대창스틸,10.0,0.25316455696202533
2015-02-10,3705,3875,3930,3595,451990,140520,대창스틸,-255.0,-6.4393939393939394
2015-02-11,3860,3715,3980,3655,261544,140520,대창스틸,155.0,4.183535762483131
2015-02-12,3905,3780,4045,3740,256546,140520,대창스틸,45.0,1.16580310880829
2015-02-13,3790,3855,4050,3790,189280,140520,대창스틸,-115.0,-2.9449423815621
2015-02-16,3620,3780,3795,3605,229636,140520,대창스틸,-170.0,-4.485488126649076
2015-02-17,3575,3580,3660,3525,169926,140520,대창스틸,-45.0,-1.2430939226519337
2015-02-23,3540,3550,3665,3540,148431,140520,대창스틸,-35.0,-0.9790209790209791
2015-02-24,3680,3580,3785,3580,187544,140520,대창스틸,140.0,3.954802259887006
2015-02-25,3700,3735,3780,3625,134611,140520,대창스틸,20.0,0.5434782608695652
2015-02-26,3675,3700,3755,3620,99805,140520,대창스틸,-25.0,-0.6756756756756757
2015-02-27,3570,3700,3700,3570,160903,140520,대창스틸,-105.0,-2.857142857142857
2015-03-02,3570,3590,3695,3560,151417,140520,대창스틸,0.0,0.0
2015-03-03,3520,3570,3630,3430,201836,140520,대창스틸,-50.0,-1.400560224089636
2015-03-04,3540,3520,3600,3510,89927,140520,대창스틸,20.0,0.5681818181818182
2015-03-05,3500,3530,3605,3450,151266,140520,대창스틸,-40.0,-1.1299435028248588
2015-03-06,3415,3505,3505,3375,170486,140520,대창스틸,-85.0,-2.4285714285714284
2015-03-09,3335,3385,3435,3335,85316,140520,대창스틸,-80.0,-2.342606149341142
2015-03-10,3360,3345,3455,3345,68621,140520,대창스틸,25.0,0.7496251874062968
2015-03-11,3360,3330,3430,3220,89771,140520,대창스틸,0.0,0.0
2015-03-12,3515,3375,3590,3375,217286,140520,대창스틸,155.0,4.613095238095238
2015-03-13,3525,3550,3550,3440,67069,140520,대창스틸,10.0,0.2844950213371266
2015-03-16,3480,3500,3530,3370,92077,140520,대창스틸,-45.0,-1.276595744680851
2015-03-17,3400,3410,3410,3325,173845,140520,대창스틸,-80.0,-2.2988505747126435
2015-03-18,3340,3400,3400,3340,48903,140520,대창스틸,-60.0,-1.7647058823529411
2015-03-19,3420,3340,3420,3310,84447,140520,대창스틸,80.0,2.3952095808383236
2015-03-20,3425,3420,3450,3365,32924,140520,대창스틸,5.0,0.14619883040935672
2015-03-23,3435,3450,3490,3380,44903,140520,대창스틸,10.0,0.291970802919708
2015-03-24,3455,3465,3480,3415,44155,140520,대창스틸,20.0,0.5822416302765648
2015-03-25,3560,3470,3650,3450,172289,140520,대창스틸,105.0,3.039073806078148
2015-03-26,3450,3585,3585,3450,84625,140520,대창스틸,-110.0,-3.089887640449438
2015-03-27,3425,3450,3470,3355,81001,140520,대창스틸,-25.0,-0.7246376811594203
2015-03-30,3450,3425,3470,3420,20677,140520,대창스틸,25.0,0.7299270072992701
2015-03-31,3445,3450,3470,3370,66289,140520,대창스틸,-5.0,-0.14492753623188406
2015-04-01,3430,3455,3455,3375,84202,140520,대창스틸,-15.0,-0.43541364296081275
2015-04-02,3370,3450,3450,3370,56145,140520,대창스틸,-60.0,-1.749271137026239
2015-04-03,3410,3370,3425,3365,24705,140520,대창스틸,40.0,1.1869436201780417
2015-04-06,3430,3420,3460,3400,42129,140520,대창스틸,20.0,0.5865102639296188
2015-04-07,3480,3450,3580,3420,96296,140520,대창스틸,50.0,1.4577259475218658
2015-04-08,3470,3500,3515,3455,72913,140520,대창스틸,-10.0,-0.28735632183908044
2015-04-09,3590,3505,3725,3440,402286,140520,대창스틸,120.0,3.45821325648415
2015-04-10,3580,3625,3640,3550,84893,140520,대창스틸,-10.0,-0.2785515320334262
2015-04-13,3550,3615,3620,3535,66500,140520,대창스틸,-30.0,-0.8379888268156425
2015-04-14,3460,3585,3585,3450,112167,140520,대창스틸,-90.0,-2.535211267605634
2015-04-15,3465,3465,3515,3430,87297,140520,대창스틸,5.0,0.1445086705202312
2015-04-16,3510,3485,3540,3445,73923,140520,대창스틸,45.0,1.2987012987012987
2015-04-17,3545,3515,3550,3465,72132,140520,대창스틸,35.0,0.9971509971509971
2015-04-20,3715,3530,3790,3515,315756,140520,대창스틸,170.0,4.795486600846263
2015-04-21,3735,3745,3825,3680,140920,140520,대창스틸,20.0,0.5383580080753702
2015-04-22,4295,3745,4295,3705,1166998,140520,대창스틸,560.0,14.99330655957162
2015-04-23,4935,4935,4935,4595,683480,140520,대창스틸,640.0,14.90104772991851
2015-04-24,5670,5290,5670,5120,1053108,140520,대창스틸,735.0,14.893617021276595
2015-04-27,6520,6270,6520,6220,243048,140520,대창스틸,850.0,14.991181657848324
2015-04-28,6200,6570,6880,5820,2368222,140520,대창스틸,-320.0,-4.9079754601226995
2015-04-29,5470,6390,6950,5270,2688884,140520,대창스틸,-730.0,-11.774193548387096
2015-04-30,5250,5460,5560,5110,766971,140520,대창스틸,-220.0,-4.021937842778794
2015-05-04,4990,5290,5470,4940,714627,140520,대창스틸,-260.0,-4.9523809523809526
2015-05-06,4690,4820,4890,4540,667132,140520,대창스틸,-300.0,-6.012024048096192
2015-05-07,4775,4795,5120,4675,1152974,140520,대창스틸,85.0,1.812366737739872
2015-05-08,4950,4850,5230,4800,840181,140520,대창스틸,175.0,3.664921465968586
2015-05-11,5210,4985,5260,4925,436248,140520,대창스틸,260.0,5.252525252525253
2015-05-12,4965,5190,5190,4955,354963,140520,대창스틸,-245.0,-4.702495201535509
2015-05-13,5700,4985,5700,4985,1017953,140520,대창스틸,735.0,14.803625377643503
2015-05-14,5810,5820,6150,5550,1507035,140520,대창스틸,110.0,1.9298245614035088
2015-05-15,5700,5850,6230,5700,651120,140520,대창스틸,-110.0,-1.8932874354561102
2015-05-18,6200,5770,6350,5350,847883,140520,대창스틸,500.0,8.771929824561402
2015-05-19,5930,6200,6490,5910,553695,140520,대창스틸,-270.0,-4.354838709677419
2015-05-20,5520,5810,5910,5470,443846,140520,대창스틸,-410.0,-6.913996627318718
2015-05-21,5300,5390,5710,5300,324696,140520,대창스틸,-220.0,-3.985507246376811
2015-05-22,5280,5340,5450,5130,229221,140520,대창스틸,-20.0,-0.37735849056603776
2015-05-26,5200,5270,5360,5060,180825,140520,대창스틸,-80.0,-1.5151515151515151
2015-05-27,5480,5200,5560,5200,311824,140520,대창스틸,280.0,5.384615384615385
2015-05-28,5370,5480,5680,5370,135814,140520,대창스틸,-110.0,-2.0072992700729926
2015-05-29,5110,5430,5430,5080,169558,140520,대창스틸,-260.0,-4.8417132216014895
2015-06-01,5040,4860,5130,4660,157007,140520,대창스틸,-70.0,-1.36986301369863
2015-06-02,4340,5130,5160,4290,411176,140520,대창스틸,-700.0,-13.88888888888889
2015-06-03,4350,4300,4475,4110,250965,140520,대창스틸,10.0,0.2304147465437788
2015-06-04,4295,4350,4430,4255,91701,140520,대창스틸,-55.0,-1.264367816091954
2015-06-05,4050,4295,4390,4050,135329,140520,대창스틸,-245.0,-5.70430733410943
2015-06-08,4350,4050,4415,4025,178027,140520,대창스틸,300.0,7.4074074074074066
2015-06-09,4740,4405,4930,4260,302277,140520,대창스틸,390.0,8.96551724137931
2015-06-10,4700,4740,4795,4565,117900,140520,대창스틸,-40.0,-0.8438818565400843
2015-06-11,4550,4795,4795,4535,108867,140520,대창스틸,-150.0,-3.1914893617021276
2015-06-12,4220,4590,4620,4200,122320,140520,대창스틸,-330.0,-7.252747252747254
2015-06-15,4230,4230,4390,4100,66256,140520,대창스틸,10.0,0.23696682464454977
2015-06-16,4650,4200,5080,4150,401330,140520,대창스틸,420.0,9.929078014184398
2015-06-17,4700,4575,4970,4560,241811,140520,대창스틸,50.0,1.0752688172043012
2015-06-18,4685,4765,4830,4635,85455,140520,대창스틸,-15.0,-0.3191489361702127
2015-06-19,4705,4720,4735,4300,75872,140520,대창스틸,20.0,0.42689434364994666
2015-06-22,4735,4680,4955,4595,110269,140520,대창스틸,30.0,0.6376195536663124
2015-06-23,4730,4700,4795,4610,76011,140520,대창스틸,-5.0,-0.10559662090813093
2015-06-24,4695,4810,4810,4630,49417,140520,대창스틸,-35.0,-0.7399577167019027
2015-06-25,4890,4695,4995,4565,200236,140520,대창스틸,195.0,4.15335463258786
2015-06-26,4485,4890,4940,4385,233389,140520,대창스틸,-405.0,-8.282208588957054
2015-06-29,4140,4240,4390,4080,127933,140520,대창스틸,-345.0,-7.6923076923076925
2015-06-30,4230,4140,4270,3860,121142,140520,대창스틸,90.0,2.1739130434782608
2015-07-01,4120,4220,4220,4090,107493,140520,대창스틸,-110.0,-2.6004728132387704
2015-07-02,4105,4120,4390,4050,115752,140520,대창스틸,-15.0,-0.3640776699029126
2015-07-03,3905,4185,4185,3890,176277,140520,대창스틸,-200.0,-4.872107186358099
2015-07-06,3940,3910,4165,3860,115113,140520,대창스틸,35.0,0.8962868117797695
2015-07-07,3820,3940,4050,3800,99700,140520,대창스틸,-120.0,-3.0456852791878175
2015-07-08,3950,3820,3950,3800,52314,140520,대창스틸,130.0,3.4031413612565444
2015-07-09,3845,3880,3980,3800,51408,140520,대창스틸,-105.0,-2.6582278481012658
2015-07-10,3885,3860,3980,3850,42248,140520,대창스틸,40.0,1.0403120936280885
2015-07-13,3880,3855,3965,3855,25964,140520,대창스틸,-5.0,-0.1287001287001287
2015-07-14,4110,3920,4190,3880,76238,140520,대창스틸,230.0,5.927835051546391
2015-07-15,4130,4200,4200,4045,45357,140520,대창스틸,20.0,0.48661800486618007
2015-07-16,4100,4130,4160,4020,34306,140520,대창스틸,-30.0,-0.7263922518159807
2015-07-17,4115,4190,4190,4015,29107,140520,대창스틸,15.0,0.3658536585365854
2015-07-20,4005,4115,4160,3980,43637,140520,대창스틸,-110.0,-2.67314702308627
2015-07-21,4080,4005,4140,3885,95493,140520,대창스틸,75.0,1.8726591760299627
2015-07-22,4335,4080,4630,4005,412875,140520,대창스틸,255.0,6.25
2015-07-23,4350,4355,4390,4225,79761,140520,대창스틸,15.0,0.34602076124567477
2015-07-24,4230,4370,4370,4210,44451,140520,대창스틸,-120.0,-2.7586206896551726
2015-07-27,4155,4230,4230,4075,36242,140520,대창스틸,-75.0,-1.773049645390071
2015-07-28,4125,4280,4295,4055,57994,140520,대창스틸,-30.0,-0.7220216606498195
2015-07-29,4000,4135,4190,4000,47783,140520,대창스틸,-125.0,-3.0303030303030303
2015-07-30,3900,4030,4070,3830,109943,140520,대창스틸,-100.0,-2.5
2015-07-31,3900,3880,3980,3785,23756,140520,대창스틸,0.0,0.0
2015-08-03,4100,3880,4175,3880,38440,140520,대창스틸,200.0,5.128205128205128
2015-08-04,4080,4145,4145,3975,17931,140520,대창스틸,-20.0,-0.4878048780487805
2015-08-05,4125,4125,4145,4040,17020,140520,대창스틸,45.0,1.1029411764705883
2015-08-06,4165,4170,4300,4115,31299,140520,대창스틸,40.0,0.9696969696969697
2015-08-07,4160,4280,4280,4090,18390,140520,대창스틸,-5.0,-0.12004801920768307
2015-08-10,4170,4180,4180,4100,14939,140520,대창스틸,10.0,0.2403846153846154
2015-08-11,3980,4180,4180,3975,41462,140520,대창스틸,-190.0,-4.556354916067146
2015-08-12,3965,3910,3980,3700,57067,140520,대창스틸,-15.0,-0.37688442211055273
2015-08-13,3970,3810,3970,3805,31296,140520,대창스틸,5.0,0.12610340479192939
2015-08-17,3850,3980,4005,3755,43875,140520,대창스틸,-120.0,-3.022670025188917
2015-08-18,3770,3740,3810,3670,24393,140520,대창스틸,-80.0,-2.0779220779220777
2015-08-19,3545,3620,3695,3380,174699,140520,대창스틸,-225.0,-5.968169761273209
2015-08-20,3480,3550,3580,3350,80195,140520,대창스틸,-65.0,-1.8335684062059237
2015-08-21,3080,3300,3480,3080,90755,140520,대창스틸,-400.0,-11.494252873563218
2015-08-24,3205,3115,3220,3080,69958,140520,대창스틸,125.0,4.058441558441558
2015-08-25,3240,3205,3400,3140,49272,140520,대창스틸,35.0,1.0920436817472698
2015-08-26,3495,3180,3680,3180,125624,140520,대창스틸,255.0,7.87037037037037
2015-08-27,3370,3500,3655,3350,45931,140520,대창스틸,-125.0,-3.5765379113018603
2015-08-28,3555,3405,3635,3405,90678,140520,대창스틸,185.0,5.489614243323442
2015-08-31,4620,3670,4620,3595,1114274,140520,대창스틸,1065.0,29.957805907172997
2015-09-01,4990,4980,5780,4800,3434428,140520,대창스틸,370.0,8.008658008658008
2015-09-02,4795,4940,5340,4640,1525936,140520,대창스틸,-195.0,-3.9078156312625247
2015-09-03,4830,4845,5040,4715,1085296,140520,대창스틸,35.0,0.7299270072992701
2015-09-04,4365,4790,4810,4285,580120,140520,대창스틸,-465.0,-9.627329192546584
2015-09-07,4145,4350,4375,4145,173799,140520,대창스틸,-220.0,-5.040091638029782
2015-09-08,3990,4230,4335,3845,365473,140520,대창스틸,-155.0,-3.739445114595899
2015-09-09,4070,4090,4215,3985,193736,140520,대창스틸,80.0,2.0050125313283207
2015-09-10,4120,4000,4155,3895,166152,140520,대창스틸,50.0,1.2285012285012284
2015-09-11,4165,4240,4320,4075,159611,140520,대창스틸,45.0,1.0922330097087378
2015-09-14,3980,4210,4210,3970,120640,140520,대창스틸,-185.0,-4.441776710684274
2015-09-15,3780,4020,4020,3780,226095,140520,대창스틸,-200.0,-5.025125628140704
2015-09-16,3965,3830,4005,3785,131528,140520,대창스틸,185.0,4.894179894179894
2015-09-17,3875,4000,4010,3820,113376,140520,대창스틸,-90.0,-2.269861286254729
2015-09-18,3920,3840,3965,3840,105737,140520,대창스틸,45.0,1.1612903225806452
2015-09-21,3915,3915,3945,3750,68560,140520,대창스틸,-5.0,-0.12755102040816327
2015-09-22,3980,3935,4060,3820,109766,140520,대창스틸,65.0,1.6602809706257982
2015-09-23,3965,3985,3985,3900,52465,140520,대창스틸,-15.0,-0.37688442211055273
2015-09-24,4000,3965,4005,3860,81019,140520,대창스틸,35.0,0.8827238335435058
2015-09-25,4100,4030,4110,3960,180653,140520,대창스틸,100.0,2.5
2015-09-30,4085,4070,4130,4000,59441,140520,대창스틸,-15.0,-0.3658536585365854
2015-10-01,4120,4100,4180,4080,105620,140520,대창스틸,35.0,0.8567931456548347
2015-10-02,4125,4145,4170,4085,49748,140520,대창스틸,5.0,0.12135922330097086
2015-10-05,4090,4085,4135,4050,85530,140520,대창스틸,-35.0,-0.8484848484848486
2015-10-06,4085,4095,4185,4050,41986,140520,대창스틸,-5.0,-0.12224938875305623
2015-10-07,4165,4085,4230,4000,99000,140520,대창스틸,80.0,1.9583843329253363
2015-10-08,4220,4200,4320,4095,141075,140520,대창스틸,55.0,1.3205282112845138
2015-10-12,4390,4300,4545,4230,298333,140520,대창스틸,170.0,4.028436018957346
2015-10-13,4435,4350,4440,4270,116743,140520,대창스틸,45.0,1.0250569476082005
2015-10-14,4680,4475,4910,4360,329585,140520,대창스틸,245.0,5.5242390078917705
2015-10-15,4750,4800,4830,4590,171688,140520,대창스틸,70.0,1.4957264957264957
2015-10-16,4490,4850,4850,4490,153430,140520,대창스틸,-260.0,-5.473684210526316
2015-10-19,4325,4380,4490,4200,188135,140520,대창스틸,-165.0,-3.6748329621380846
2015-10-20,4360,4320,4450,4220,80694,140520,대창스틸,35.0,0.8092485549132947
2015-10-21,4315,4380,4425,4315,91385,140520,대창스틸,-45.0,-1.0321100917431194
2015-10-22,4275,4315,4380,4005,101426,140520,대창스틸,-40.0,-0.9269988412514484
2015-10-23,4310,4280,4370,4170,53652,140520,대창스틸,35.0,0.8187134502923977
2015-10-26,4245,4255,4310,4150,44255,140520,대창스틸,-65.0,-1.5081206496519721
2015-10-27,4285,4200,4365,4200,57084,140520,대창스틸,40.0,0.9422850412249705
2015-10-28,4300,4285,4350,4250,40684,140520,대창스틸,15.0,0.3500583430571762
2015-10-29,4345,4330,4405,4280,35994,140520,대창스틸,45.0,1.0465116279069768
2015-10-30,4345,4350,4350,4100,116347,140520,대창스틸,0.0,0.0
2015-11-02,4290,4265,4345,4250,45664,140520,대창스틸,-55.0,-1.2658227848101267
2015-11-03,4200,4295,4335,4155,28448,140520,대창스틸,-90.0,-2.097902097902098
2015-11-04,4200,4200,4260,4130,23305,140520,대창스틸,0.0,0.0
2015-11-05,4370,4140,4985,4050,765384,140520,대창스틸,170.0,4.0476190476190474
2015-11-06,4285,4300,4390,4200,151935,140520,대창스틸,-85.0,-1.9450800915331807
2015-11-09,4300,4285,4320,4195,49980,140520,대창스틸,15.0,0.3500583430571762
2015-11-10,4295,4230,4300,4200,45684,140520,대창스틸,-5.0,-0.11627906976744186
2015-11-11,4230,4225,4385,4210,66344,140520,대창스틸,-65.0,-1.5133876600698486
2015-11-12,4305,4220,4305,4150,34140,140520,대창스틸,75.0,1.773049645390071
2015-11-13,4235,4220,4355,4220,20329,140520,대창스틸,-70.0,-1.6260162601626018
2015-11-16,4300,4230,4300,4150,73012,140520,대창스틸,65.0,1.5348288075560803
2015-11-17,4400,4300,4435,4300,74396,140520,대창스틸,100.0,2.3255813953488373
2015-11-18,4445,4400,4715,4350,216718,140520,대창스틸,45.0,1.0227272727272727
2015-11-19,4480,4520,4520,4365,82912,140520,대창스틸,35.0,0.7874015748031495
2015-11-20,4800,4580,4800,4450,367016,140520,대창스틸,320.0,7.142857142857142
2015-11-23,4705,5700,6190,4645,1414021,140520,대창스틸,-95.0,-1.9791666666666665
2015-11-24,4605,4700,4790,4500,209691,140520,대창스틸,-100.0,-2.1253985122210417
2015-11-25,4560,4600,4630,4490,154754,140520,대창스틸,-45.0,-0.9771986970684038
2015-11-26,4470,4520,4570,4430,121062,140520,대창스틸,-90.0,-1.9736842105263157
2015-11-27,4530,4500,4530,4440,81845,140520,대창스틸,60.0,1.342281879194631
2015-11-30,4510,4540,4540,4435,87966,140520,대창스틸,-20.0,-0.44150110375275936
2015-12-01,4665,4510,4700,4470,134327,140520,대창스틸,155.0,3.436807095343681
2015-12-02,4755,4700,4810,4615,158383,140520,대창스틸,90.0,1.929260450160772
2015-12-03,4725,4795,5200,4725,752269,140520,대창스틸,-30.0,-0.6309148264984227
2015-12-04,4780,4725,4820,4665,119904,140520,대창스틸,55.0,1.164021164021164
2015-12-07,4655,4780,4925,4650,134655,140520,대창스틸,-125.0,-2.615062761506276
2015-12-08,4420,4580,4580,4420,150513,140520,대창스틸,-235.0,-5.048335123523094
2015-12-09,4445,4420,4600,4410,76940,140520,대창스틸,25.0,0.5656108597285068
2015-12-10,4455,4450,4595,4430,53156,140520,대창스틸,10.0,0.22497187851518563
2015-12-11,4580,4455,4580,4455,42898,140520,대창스틸,125.0,2.8058361391694726
2015-12-14,4185,4450,4505,4180,132354,140520,대창스틸,-395.0,-8.624454148471617
2015-12-15,4240,4090,4260,4090,44618,140520,대창스틸,55.0,1.3142174432497014
2015-12-16,4265,4240,4375,4210,72228,140520,대창스틸,25.0,0.589622641509434
2015-12-17,4265,4255,4400,4230,51309,140520,대창스틸,0.0,0.0
2015-12-18,4265,4265,4330,4230,65712,140520,대창스틸,0.0,0.0
2015-12-21,4450,4265,4450,4240,60473,140520,대창스틸,185.0,4.337631887456038
2015-12-22,4490,4450,4490,4180,46713,140520,대창스틸,40.0,0.8988764044943821
2015-12-23,4365,4460,4495,4355,27912,140520,대창스틸,-125.0,-2.783964365256125
2015-12-24,4450,4365,4480,4330,28543,140520,대창스틸,85.0,1.9473081328751431
2015-12-28,4500,4550,4620,4430,87520,140520,대창스틸,50.0,1.1235955056179776
2015-12-29,4460,4420,4535,4340,33281,140520,대창스틸,-40.0,-0.8888888888888888
2015-12-30,4485,4475,4495,4345,70375,140520,대창스틸,25.0,0.5605381165919282
2016-01-04,4480,4485,4500,4395,45911,140520,대창스틸,-5.0,-0.11148272017837235
2016-01-05,4375,4450,4575,4350,24942,140520,대창스틸,-105.0,-2.34375
2016-01-06,4200,4405,4435,4050,82236,140520,대창스틸,-175.0,-4.0
2016-01-07,4180,4200,4245,4160,33955,140520,대창스틸,-20.0,-0.4761904761904762
2016-01-08,3965,4070,4095,3900,168220,140520,대창스틸,-215.0,-5.143540669856459
2016-01-11,3960,3965,4065,3855,40723,140520,대창스틸,-5.0,-0.12610340479192939
2016-01-12,3910,3865,4070,3865,26973,140520,대창스틸,-50.0,-1.2626262626262625
2016-01-13,3930,3990,3990,3880,21624,140520,대창스틸,20.0,0.5115089514066496
2016-01-14,3900,3855,3970,3845,18136,140520,대창스틸,-30.0,-0.7633587786259541
2016-01-15,3900,3900,3950,3700,62654,140520,대창스틸,0.0,0.0
2016-01-18,3765,3850,3895,3695,101039,140520,대창스틸,-135.0,-3.4615384615384617
2016-01-19,3550,3725,3760,3455,160431,140520,대창스틸,-215.0,-5.710491367861885
2016-01-20,3385,3510,3550,3340,45214,140520,대창스틸,-165.0,-4.647887323943662
2016-01-21,3385,3310,3435,3310,58219,140520,대창스틸,0.0,0.0
2016-01-22,3440,3385,3490,3385,15776,140520,대창스틸,55.0,1.6248153618906942
2016-01-25,3460,3455,3530,3455,16634,140520,대창스틸,20.0,0.5813953488372093
2016-01-26,3500,3470,3565,3470,14629,140520,대창스틸,40.0,1.1560693641618496
2016-01-27,3640,3580,3665,3510,26512,140520,대창스틸,140.0,4.0
2016-01-28,3660,3640,3700,3530,26199,140520,대창스틸,20.0,0.5494505494505495
2016-01-29,3660,3700,3700,3550,28231,140520,대창스틸,0.0,0.0
2016-02-01,3700,3700,3755,3625,31159,140520,대창스틸,40.0,1.092896174863388
2016-02-02,3630,3760,3760,3590,8454,140520,대창스틸,-70.0,-1.891891891891892
2016-02-03,3550,3630,3665,3500,29941,140520,대창스틸,-80.0,-2.203856749311295
2016-02-04,3550,3550,3590,3500,32511,140520,대창스틸,0.0,0.0
2016-02-05,3530,3550,3590,3530,8601,140520,대창스틸,-20.0,-0.5633802816901409
2016-02-11,3330,3470,3500,3330,58619,140520,대창스틸,-200.0,-5.6657223796034
2016-02-12,3330,3280,3360,2995,74235,140520,대창스틸,0.0,0.0
2016-02-15,3350,3330,3395,3285,21427,140520,대창스틸,20.0,0.6006006006006006
2016-02-16,3370,3350,3375,3280,38574,140520,대창스틸,20.0,0.5970149253731344
2016-02-17,3380,3310,3395,3310,17183,140520,대창스틸,10.0,0.2967359050445104
2016-02-18,3450,3345,3675,3345,100400,140520,대창스틸,70.0,2.0710059171597637
2016-02-19,3465,3500,3500,3425,31903,140520,대창스틸,15.0,0.43478260869565216
2016-02-22,3475,3505,3505,3415,24661,140520,대창스틸,10.0,0.2886002886002886
2016-02-23,3470,3470,3540,3440,16274,140520,대창스틸,-5.0,-0.14388489208633093
2016-02-24,3485,3425,3495,3425,5739,140520,대창스틸,15.0,0.43227665706051877
2016-02-25,3510,3520,3530,3445,24635,140520,대창스틸,25.0,0.7173601147776184
2016-02-26,3520,3545,3545,3470,5891,140520,대창스틸,10.0,0.2849002849002849
2016-02-29,3535,3535,3545,3480,9985,140520,대창스틸,15.0,0.4261363636363636
2016-03-02,3570,3535,3570,3500,47074,140520,대창스틸,35.0,0.9900990099009901
2016-03-03,3595,3590,3660,3535,23770,140520,대창스틸,25.0,0.700280112044818
2016-03-04,3595,3610,3610,3575,7573,140520,대창스틸,0.0,0.0
2016-03-07,3605,3620,3640,3565,21831,140520,대창스틸,10.0,0.27816411682892905
2016-03-08,3595,3630,3630,3570,19467,140520,대창스틸,-10.0,-0.27739251040221913
2016-03-09,3630,3615,3665,3565,23865,140520,대창스틸,35.0,0.9735744089012517
2016-03-10,3645,3665,3665,3585,53433,140520,대창스틸,15.0,0.4132231404958678
2016-03-11,3650,3645,3665,3595,16672,140520,대창스틸,5.0,0.1371742112482853
2016-03-14,3660,3680,3735,3635,22866,140520,대창스틸,10.0,0.273972602739726
2016-03-15,3665,3665,3685,3620,21184,140520,대창스틸,5.0,0.1366120218579235
2016-03-16,3690,3665,3720,3585,42243,140520,대창스틸,25.0,0.6821282401091405
2016-03-17,3705,3690,3705,3630,19595,140520,대창스틸,15.0,0.40650406504065045
2016-03-18,3715,3705,3735,3655,45662,140520,대창스틸,10.0,0.2699055330634278
2016-03-21,3895,3725,4070,3720,108339,140520,대창스틸,180.0,4.8452220726783315
2016-03-22,3980,3935,4030,3860,69481,140520,대창스틸,85.0,2.1822849807445444
2016-03-23,3975,3980,4115,3910,68423,140520,대창스틸,-5.0,-0.12562814070351758
2016-03-24,3980,3900,4000,3800,59320,140520,대창스틸,5.0,0.12578616352201258
2016-03-25,4015,3960,4040,3920,31347,140520,대창스틸,35.0,0.8793969849246231
2016-03-28,4045,4060,4070,3970,47338,140520,대창스틸,30.0,0.7471980074719801
2016-03-29,4090,4050,4160,4020,49514,140520,대창스틸,45.0,1.1124845488257107
2016-03-30,4100,4120,4195,3990,85687,140520,대창스틸,10.0,0.24449877750611246
2016-03-31,4120,4140,4140,4070,22157,140520,대창스틸,20.0,0.4878048780487805
2016-04-01,4150,4135,4160,4010,53672,140520,대창스틸,30.0,0.7281553398058253
2016-04-04,4105,4150,4180,4075,47219,140520,대창스틸,-45.0,-1.0843373493975903
2016-04-05,4260,4105,4330,4080,81176,140520,대창스틸,155.0,3.7758830694275276
2016-04-06,4320,4305,4350,4200,75720,140520,대창스틸,60.0,1.4084507042253522
2016-04-07,4400,4345,4420,4260,67508,140520,대창스틸,80.0,1.8518518518518516
2016-04-08,3950,4345,4400,3950,272400,140520,대창스틸,-450.0,-10.227272727272728
2016-04-11,3930,3950,3950,3835,50109,140520,대창스틸,-20.0,-0.5063291139240507
2016-04-12,3920,3900,3935,3825,87649,140520,대창스틸,-10.0,-0.2544529262086514
2016-04-14,3980,4200,4240,3945,68717,140520,대창스틸,60.0,1.530612244897959
2016-04-15,3985,3980,4050,3885,17160,140520,대창스틸,5.0,0.12562814070351758
2016-04-18,3985,3990,4060,3925,25340,140520,대창스틸,0.0,0.0
2016-04-19,3955,4025,4025,3905,69109,140520,대창스틸,-30.0,-0.7528230865746549
2016-04-20,3900,3955,3980,3885,40818,140520,대창스틸,-55.0,-1.390644753476612
2016-04-21,4030,3910,4125,3870,125453,140520,대창스틸,130.0,3.3333333333333335
2016-04-22,4160,4140,5140,4070,3921274,140520,대창스틸,130.0,3.225806451612903
2016-04-25,4165,4160,4190,4045,366114,140520,대창스틸,5.0,0.1201923076923077
2016-04-26,4150,4270,4325,4145,256997,140520,대창스틸,-15.0,-0.36014405762304924
2016-04-27,4185,4165,4215,4130,134190,140520,대창스틸,35.0,0.8433734939759037
2016-04-28,4165,4215,4275,4165,89602,140520,대창스틸,-20.0,-0.4778972520908005
2016-04-29,4165,4245,4245,4085,76666,140520,대창스틸,0.0,0.0
2016-05-02,4100,4145,4185,4090,85820,140520,대창스틸,-65.0,-1.56062424969988
2016-05-03,4045,4190,4190,4030,57348,140520,대창스틸,-55.0,-1.3414634146341464
2016-05-04,3975,4045,4080,3940,68428,140520,대창스틸,-70.0,-1.73053152039555
2016-05-09,4000,4120,4120,3970,49108,140520,대창스틸,25.0,0.628930817610063
2016-05-10,3985,4030,4030,3980,24589,140520,대창스틸,-15.0,-0.375
2016-05-11,3990,3930,4005,3930,26451,140520,대창스틸,5.0,0.12547051442910914
2016-05-12,4020,4000,4060,3955,29676,140520,대창스틸,30.0,0.7518796992481203
2016-05-13,4000,3985,4035,3950,26243,140520,대창스틸,-20.0,-0.4975124378109453
2016-05-16,3975,3970,3990,3930,35316,140520,대창스틸,-25.0,-0.625
2016-05-17,3970,3975,3990,3820,115333,140520,대창스틸,-5.0,-0.12578616352201258
2016-05-18,3970,3970,4005,3870,29399,140520,대창스틸,0.0,0.0
2016-05-19,3995,3970,4080,3840,39567,140520,대창스틸,25.0,0.6297229219143577
2016-05-20,3915,3985,3985,3855,117747,140520,대창스틸,-80.0,-2.002503128911139
2016-05-23,3800,3915,3915,3800,119436,140520,대창스틸,-115.0,-2.937420178799489
2016-05-24,3670,3800,3870,3670,93823,140520,대창스틸,-130.0,-3.421052631578948
2016-05-25,3730,3675,3730,3650,26507,140520,대창스틸,60.0,1.6348773841961852
2016-05-26,3725,3725,3735,3680,12791,140520,대창스틸,-5.0,-0.13404825737265416
2016-05-27,3735,3675,3795,3675,17554,140520,대창스틸,10.0,0.2684563758389262
2016-05-30,3825,3735,3825,3710,69163,140520,대창스틸,90.0,2.4096385542168677
2016-05-31,3825,3865,3865,3760,12230,140520,대창스틸,0.0,0.0
2016-06-01,3835,3825,3845,3755,19582,140520,대창스틸,10.0,0.261437908496732
2016-06-02,3835,3835,3870,3775,24351,140520,대창스틸,0.0,0.0
2016-06-03,3820,3810,3865,3785,26577,140520,대창스틸,-15.0,-0.3911342894393742
2016-06-07,3825,3815,3890,3785,13185,140520,대창스틸,5.0,0.13089005235602094
2016-06-08,3830,3825,3850,3770,27790,140520,대창스틸,5.0,0.130718954248366
2016-06-09,3800,3845,3845,3775,26970,140520,대창스틸,-30.0,-0.7832898172323759
2016-06-10,3705,3800,3820,3700,54057,140520,대창스틸,-95.0,-2.5
2016-06-13,3605,3675,3690,3570,63989,140520,대창스틸,-100.0,-2.699055330634278
2016-06-14,3605,3570,3625,3525,18460,140520,대창스틸,0.0,0.0
2016-06-15,3620,3600,3670,3575,18873,140520,대창스틸,15.0,0.4160887656033287
2016-06-16,3585,3625,3675,3530,17798,140520,대창스틸,-35.0,-0.9668508287292817
2016-06-17,3600,3530,3625,3530,26574,140520,대창스틸,15.0,0.41841004184100417
2016-06-20,3620,3600,3720,3595,30931,140520,대창스틸,20.0,0.5555555555555556
2016-06-21,3640,3660,3660,3595,22483,140520,대창스틸,20.0,0.5524861878453038
2016-06-22,3680,3620,3680,3620,15016,140520,대창스틸,40.0,1.098901098901099
2016-06-23,3775,3705,3840,3640,50764,140520,대창스틸,95.0,2.5815217391304346
2016-06-24,3715,4030,4430,3645,664161,140520,대창스틸,-60.0,-1.5894039735099337
2016-06-27,3700,3625,3770,3580,59885,140520,대창스틸,-15.0,-0.4037685060565276
2016-06-28,3800,3735,3820,3650,63718,140520,대창스틸,100.0,2.7027027027027026
2016-06-29,3810,3875,3875,3750,45033,140520,대창스틸,10.0,0.2631578947368421
2016-06-30,3825,3830,3830,3770,58686,140520,대창스틸,15.0,0.39370078740157477
2016-07-01,3820,3830,3855,3755,104855,140520,대창스틸,-5.0,-0.130718954248366
2016-07-04,3810,3865,3880,3780,12772,140520,대창스틸,-10.0,-0.2617801047120419
2016-07-05,3815,3810,3825,3755,11585,140520,대창스틸,5.0,0.13123359580052493
2016-07-06,3730,3815,3815,3690,41408,140520,대창스틸,-85.0,-2.2280471821756227
2016-07-07,3700,3730,3765,3690,44211,140520,대창스틸,-30.0,-0.8042895442359249
2016-07-08,3815,3760,3840,3700,163764,140520,대창스틸,115.0,3.1081081081081083
2016-07-11,3800,3800,3825,3790,50515,140520,대창스틸,-15.0,-0.39318479685452157
2016-07-12,3810,3800,3830,3780,23720,140520,대창스틸,10.0,0.2631578947368421
2016-07-13,3860,3795,3900,3795,57909,140520,대창스틸,50.0,1.3123359580052494
2016-07-14,3910,3865,3930,3850,83982,140520,대창스틸,50.0,1.2953367875647668
2016-07-15,3910,3910,3940,3835,59917,140520,대창스틸,0.0,0.0
2016-07-18,3930,3965,3965,3860,27492,140520,대창스틸,20.0,0.5115089514066496
2016-07-19,3910,3930,3950,3860,32746,140520,대창스틸,-20.0,-0.5089058524173028
2016-07-20,3890,3930,3930,3880,29514,140520,대창스틸,-20.0,-0.5115089514066496
2016-07-21,3950,3890,4005,3870,50883,140520,대창스틸,60.0,1.5424164524421593
2016-07-22,3860,3990,3990,3860,27434,140520,대창스틸,-90.0,-2.278481012658228
2016-07-25,3855,3860,3900,3840,20513,140520,대창스틸,-5.0,-0.1295336787564767
2016-07-26,3870,3875,3875,3835,27120,140520,대창스틸,15.0,0.38910505836575876
2016-07-27,3875,3870,3900,3860,25404,140520,대창스틸,5.0,0.12919896640826875
2016-07-28,3955,3875,3970,3865,44693,140520,대창스틸,80.0,2.064516129032258
2016-07-29,4065,3905,4080,3905,135083,140520,대창스틸,110.0,2.781289506953224
2016-08-01,4075,4150,4270,4045,124412,140520,대창스틸,10.0,0.24600246002460024
2016-08-02,4135,4075,4150,4020,75636,140520,대창스틸,60.0,1.4723926380368098
2016-08-03,4140,4135,4220,4080,71433,140520,대창스틸,5.0,0.12091898428053204
2016-08-04,4090,4170,4190,4090,38777,140520,대창스틸,-50.0,-1.2077294685990339
2016-08-05,4000,4065,4115,4000,50511,140520,대창스틸,-90.0,-2.2004889975550124
2016-08-08,3985,3955,4035,3945,49658,140520,대창스틸,-15.0,-0.375
2016-08-09,4050,3985,4110,3970,36788,140520,대창스틸,65.0,1.631116687578419
2016-08-10,4045,4050,4090,4005,31692,140520,대창스틸,-5.0,-0.12345679012345678
2016-08-11,3980,4045,4050,3980,15213,140520,대창스틸,-65.0,-1.6069221260815822
2016-08-12,3980,3985,4095,3945,43662,140520,대창스틸,0.0,0.0
2016-08-16,4040,3980,4055,3980,32368,140520,대창스틸,60.0,1.507537688442211
2016-08-17,3995,4060,4060,3950,34092,140520,대창스틸,-45.0,-1.1138613861386137
2016-08-18,4010,3970,4035,3940,32872,140520,대창스틸,15.0,0.37546933667083854
2016-08-19,3985,4010,4010,3960,22756,140520,대창스틸,-25.0,-0.6234413965087282
2016-08-22,3900,3985,3985,3895,44485,140520,대창스틸,-85.0,-2.132998745294856
2016-08-23,3870,3850,3900,3830,49451,140520,대창스틸,-30.0,-0.7692307692307693
2016-08-24,3845,3870,3880,3805,17639,140520,대창스틸,-25.0,-0.6459948320413437
2016-08-25,3770,3810,3835,3765,37069,140520,대창스틸,-75.0,-1.950585175552666
2016-08-26,3800,3790,3830,3735,19315,140520,대창스틸,30.0,0.7957559681697612
2016-08-29,3800,3800,3800,3710,23025,140520,대창스틸,0.0,0.0
2016-08-30,3840,3740,3855,3740,10180,140520,대창스틸,40.0,1.0526315789473684
2016-08-31,3835,3770,3900,3770,21915,140520,대창스틸,-5.0,-0.13020833333333331
2016-09-01,3780,3800,3840,3775,25603,140520,대창스틸,-55.0,-1.4341590612777053
2016-09-02,3775,3760,3785,3735,27085,140520,대창스틸,-5.0,-0.13227513227513227
2016-09-05,3855,3745,3865,3745,25071,140520,대창스틸,80.0,2.119205298013245
2016-09-06,3825,3855,3860,3780,10124,140520,대창스틸,-30.0,-0.7782101167315175
2016-09-07,3810,3900,3900,3780,20935,140520,대창스틸,-15.0,-0.39215686274509803
2016-09-08,3835,3810,3840,3725,42909,140520,대창스틸,25.0,0.6561679790026247
2016-09-09,3780,3860,3860,3755,10011,140520,대창스틸,-55.0,-1.4341590612777053
2016-09-12,3790,3780,3810,3705,31734,140520,대창스틸,10.0,0.26455026455026454
2016-09-13,3850,3830,4200,3810,342126,140520,대창스틸,60.0,1.58311345646438
2016-09-19,3855,3890,3890,3830,48365,140520,대창스틸,5.0,0.12987012987012986
2016-09-20,5010,3855,5010,3810,3807722,140520,대창스틸,1155.0,29.961089494163424
2016-09-21,6510,5380,6510,5380,3457222,140520,대창스틸,1500.0,29.94011976047904
2016-09-22,5980,7400,7990,5730,5009329,140520,대창스틸,-530.0,-8.141321044546851
2016-09-23,5200,5870,5880,5170,1843263,140520,대창스틸,-780.0,-13.043478260869565
2016-09-26,5010,5100,5500,4950,1592172,140520,대창스틸,-190.0,-3.653846153846154
2016-09-27,4660,4920,4965,4625,622697,140520,대창스틸,-350.0,-6.986027944111776
2016-09-28,4645,4720,4885,4635,591333,140520,대창스틸,-15.0,-0.3218884120171674
2016-09-29,4585,4935,5070,4520,831633,140520,대창스틸,-60.0,-1.2917115177610334
2016-09-30,4630,4525,4630,4460,267845,140520,대창스틸,45.0,0.9814612868047983
2016-10-04,4790,4710,4905,4675,628595,140520,대창스틸,160.0,3.455723542116631
2016-10-05,4790,4720,4970,4675,339622,140520,대창스틸,0.0,0.0
2016-10-06,4780,4815,4835,4755,173081,140520,대창스틸,-10.0,-0.20876826722338201
2016-10-07,4600,4800,4825,4525,175039,140520,대창스틸,-180.0,-3.765690376569038
2016-10-10,4655,4605,4765,4495,208401,140520,대창스틸,55.0,1.1956521739130435
2016-10-11,4565,4760,4835,4560,301645,140520,대창스틸,-90.0,-1.933404940923738
2016-10-12,4565,4520,4600,4495,88211,140520,대창스틸,0.0,0.0
2016-10-13,4550,4550,4625,4505,71570,140520,대창스틸,-15.0,-0.32858707557502737
2016-10-14,4475,4550,4585,4465,90424,140520,대창스틸,-75.0,-1.6483516483516485
2016-10-17,4500,4475,4555,4470,59911,140520,대창스틸,25.0,0.5586592178770949
2016-10-18,4535,4595,4605,4515,84137,140520,대창스틸,35.0,0.7777777777777778
2016-10-19,4515,4535,4560,4460,66256,140520,대창스틸,-20.0,-0.4410143329658214
2016-10-20,4565,4515,4605,4480,109608,140520,대창스틸,50.0,1.1074197120708749
2016-10-21,4660,4545,4915,4535,586416,140520,대창스틸,95.0,2.08105147864184
2016-10-24,4765,4675,4990,4660,787739,140520,대창스틸,105.0,2.2532188841201717
2016-10-25,4490,4800,4800,4485,188964,140520,대창스틸,-275.0,-5.771248688352571
2016-10-26,4280,4420,4420,4200,202038,140520,대창스틸,-210.0,-4.67706013363029
2016-10-27,4350,4270,4375,4260,48569,140520,대창스틸,70.0,1.6355140186915886
2016-10-28,4350,4340,4555,4245,67182,140520,대창스틸,0.0,0.0
2016-10-31,4175,4345,4355,4125,71232,140520,대창스틸,-175.0,-4.022988505747127
2016-11-01,4155,4140,4220,4050,50997,140520,대창스틸,-20.0,-0.47904191616766467
2016-11-02,3990,4190,4200,3985,57147,140520,대창스틸,-165.0,-3.9711191335740073
2016-11-03,4005,3990,4080,3980,72880,140520,대창스틸,15.0,0.37593984962406013
2016-11-04,4035,3980,4080,3915,28105,140520,대창스틸,30.0,0.7490636704119851
2016-11-07,4175,4090,4175,4080,31823,140520,대창스틸,140.0,3.469640644361834
2016-11-08,4230,4235,4235,4165,26985,140520,대창스틸,55.0,1.3173652694610778
2016-11-09,3930,4230,4230,3810,157477,140520,대창스틸,-300.0,-7.092198581560284
2016-11-10,4130,3975,4135,3960,55774,140520,대창스틸,200.0,5.089058524173027
2016-11-11,4080,4130,4140,4020,49850,140520,대창스틸,-50.0,-1.2106537530266344
2016-11-14,4245,4230,4270,4110,120761,140520,대창스틸,165.0,4.044117647058823
2016-11-15,4250,4270,4310,4170,40429,140520,대창스틸,5.0,0.11778563015312131
2016-11-16,4300,4230,4320,4225,56809,140520,대창스틸,50.0,1.1764705882352942
2016-11-17,4450,4330,4505,4330,185906,140520,대창스틸,150.0,3.488372093023256
2016-11-18,4355,4455,4495,4350,64267,140520,대창스틸,-95.0,-2.134831460674157
2016-11-21,4245,4350,4350,4240,49568,140520,대창스틸,-110.0,-2.525832376578645
2016-11-22,4265,4495,4530,4265,174200,140520,대창스틸,20.0,0.47114252061248524
2016-11-23,4075,4290,4300,4075,127029,140520,대창스틸,-190.0,-4.4548651817116065
2016-11-24,4130,4040,4185,4040,49250,140520,대창스틸,55.0,1.3496932515337423
2016-11-25,4190,4100,4245,4100,35365,140520,대창스틸,60.0,1.4527845036319613
2016-11-28,4395,4245,4400,4215,76915,140520,대창스틸,205.0,4.892601431980907
2016-11-29,4325,4400,4440,4215,62083,140520,대창스틸,-70.0,-1.5927189988623434
2016-11-30,4350,4285,4430,4275,53627,140520,대창스틸,25.0,0.5780346820809248
2016-12-01,4390,4310,4400,4280,48649,140520,대창스틸,40.0,0.9195402298850575
2016-12-02,4395,4390,4425,4310,44685,140520,대창스틸,5.0,0.11389521640091116
2016-12-05,4385,4320,4400,4255,71421,140520,대창스틸,-10.0,-0.22753128555176336
2016-12-06,4460,4360,4485,4325,107690,140520,대창스틸,75.0,1.7103762827822122
2016-12-07,4395,4490,4600,4380,111945,140520,대창스틸,-65.0,-1.4573991031390134
2016-12-08,4370,4440,4440,4325,43976,140520,대창스틸,-25.0,-0.5688282138794084
2016-12-09,4610,4370,4610,4335,146981,140520,대창스틸,240.0,5.491990846681922
2016-12-12,4615,4750,4760,4555,90394,140520,대창스틸,5.0,0.10845986984815618
2016-12-13,4650,4645,4800,4635,220023,140520,대창스틸,35.0,0.7583965330444203
2016-12-14,4670,4660,4750,4560,86417,140520,대창스틸,20.0,0.43010752688172044
2016-12-15,4720,4770,4820,4640,135778,140520,대창스틸,50.0,1.070663811563169
2016-12-16,5570,4745,6000,4600,5407308,140520,대창스틸,850.0,18.008474576271187
2016-12-19,5230,5490,5510,5230,921437,140520,대창스틸,-340.0,-6.104129263913824
2016-12-20,5310,5280,5370,5100,455298,140520,대창스틸,80.0,1.5296367112810707
2016-12-21,5040,5300,5860,4960,2660695,140520,대창스틸,-270.0,-5.084745762711865
2016-12-22,4880,4960,5070,4850,339471,140520,대창스틸,-160.0,-3.1746031746031744
2016-12-23,4805,4915,4930,4800,185291,140520,대창스틸,-75.0,-1.5368852459016393
2016-12-26,4830,4810,4955,4780,268177,140520,대창스틸,25.0,0.5202913631633715
2016-12-27,4870,4830,4885,4820,115297,140520,대창스틸,40.0,0.8281573498964804
2016-12-28,4800,4865,4890,4790,87063,140520,대창스틸,-70.0,-1.4373716632443532
2016-12-29,4640,4840,4840,4565,173610,140520,대창스틸,-160.0,-3.3333333333333335
2017-01-02,4755,4640,5180,4615,1039712,140520,대창스틸,115.0,2.478448275862069
2017-01-03,4695,4800,4800,4690,140749,140520,대창스틸,-60.0,-1.2618296529968454
2017-01-04,4875,4720,4875,4675,175883,140520,대창스틸,180.0,3.8338658146964857
2017-01-05,4935,4865,4975,4865,155100,140520,대창스틸,60.0,1.2307692307692308
2017-01-06,4925,5020,5030,4900,144620,140520,대창스틸,-10.0,-0.2026342451874367
2017-01-09,4990,4975,5030,4900,117187,140520,대창스틸,65.0,1.3197969543147208
2017-01-10,4930,4990,5000,4855,77435,140520,대창스틸,-60.0,-1.2024048096192386
2017-01-11,4845,4950,4950,4815,75161,140520,대창스틸,-85.0,-1.7241379310344827
2017-01-12,4950,4890,4980,4830,79853,140520,대창스틸,105.0,2.1671826625387
2017-01-13,4910,4995,4995,4760,60118,140520,대창스틸,-40.0,-0.8080808080808081
2017-01-16,4915,4975,4985,4860,42278,140520,대창스틸,5.0,0.10183299389002036
2017-01-17,4830,4960,4960,4825,44120,140520,대창스틸,-85.0,-1.7293997965412005
2017-01-18,4950,4800,4980,4800,74382,140520,대창스틸,120.0,2.484472049689441
2017-01-19,4840,4980,5090,4840,102345,140520,대창스틸,-110.0,-2.2222222222222223
2017-01-20,4670,4725,4840,4500,218065,140520,대창스틸,-170.0,-3.512396694214876
2017-01-23,4405,4600,4695,4400,149159,140520,대창스틸,-265.0,-5.674518201284797
2017-01-24,4430,4370,4500,4345,41044,140520,대창스틸,25.0,0.5675368898978433
2017-01-25,4330,4445,4455,4300,67515,140520,대창스틸,-100.0,-2.2573363431151243
2017-01-26,4460,4320,4460,4320,29754,140520,대창스틸,130.0,3.0023094688221708
2017-01-31,4395,4480,4480,4370,22881,140520,대창스틸,-65.0,-1.4573991031390134
2017-02-01,4440,4395,4440,4360,18653,140520,대창스틸,45.0,1.023890784982935
2017-02-02,4465,4440,4555,4375,77789,140520,대창스틸,25.0,0.5630630630630631
2017-02-03,4550,4480,4890,4465,217965,140520,대창스틸,85.0,1.9036954087346025
2017-02-06,4620,4550,4640,4505,41985,140520,대창스틸,70.0,1.5384615384615385
2017-02-07,4805,4620,4805,4540,97123,140520,대창스틸,185.0,4.004329004329004
2017-02-08,4755,4800,4825,4725,47032,140520,대창스틸,-50.0,-1.040582726326743
2017-02-09,4800,4780,4905,4780,53272,140520,대창스틸,45.0,0.9463722397476341
2017-02-10,4800,4795,4855,4730,39473,140520,대창스틸,0.0,0.0
2017-02-13,4890,4830,4890,4725,63122,140520,대창스틸,90.0,1.875
2017-02-14,4990,4890,5070,4850,242563,140520,대창스틸,100.0,2.044989775051125
2017-02-15,4980,4940,4995,4910,41253,140520,대창스틸,-10.0,-0.2004008016032064
2017-02-16,4965,4930,4980,4915,42484,140520,대창스틸,-15.0,-0.30120481927710846
2017-02-17,4850,4960,5020,4850,57233,140520,대창스틸,-115.0,-2.3162134944612287
2017-02-20,4915,4855,4970,4820,51344,140520,대창스틸,65.0,1.3402061855670102
2017-02-21,4860,4915,4930,4830,25481,140520,대창스틸,-55.0,-1.119023397761953
2017-02-22,4870,4855,4930,4700,81531,140520,대창스틸,10.0,0.205761316872428
2017-02-23,4870,4885,5070,4805,123163,140520,대창스틸,0.0,0.0
2017-02-24,4870,4885,4920,4800,37041,140520,대창스틸,0.0,0.0
2017-02-27,4925,4875,4990,4805,71361,140520,대창스틸,55.0,1.1293634496919918
2017-02-28,5060,4945,5300,4945,517879,140520,대창스틸,135.0,2.7411167512690358
2017-03-02,5390,5130,5400,5010,274348,140520,대창스틸,330.0,6.521739130434782
2017-03-03,5410,5390,5430,5170,300506,140520,대창스틸,20.0,0.3710575139146568
2017-03-06,5280,5360,5430,5230,75126,140520,대창스틸,-130.0,-2.4029574861367835
2017-03-07,5080,5280,5280,5000,226346,140520,대창스틸,-200.0,-3.787878787878788
2017-03-08,5280,5120,5350,5010,157234,140520,대창스틸,200.0,3.937007874015748
2017-03-09,5200,5230,5280,5100,80981,140520,대창스틸,-80.0,-1.5151515151515151
2017-03-10,5080,5140,5200,4840,112956,140520,대창스틸,-120.0,-2.307692307692308
2017-03-13,5250,5080,5250,5010,81169,140520,대창스틸,170.0,3.346456692913386
2017-03-14,5160,5220,5350,5140,49439,140520,대창스틸,-90.0,-1.7142857142857144
2017-03-15,5140,5130,5160,5070,54795,140520,대창스틸,-20.0,-0.3875968992248062
2017-03-16,5200,5140,5290,5100,60214,140520,대창스틸,60.0,1.1673151750972763
2017-03-17,5160,5250,5250,5080,50875,140520,대창스틸,-40.0,-0.7692307692307693
2017-03-20,4780,5210,5210,4780,158408,140520,대창스틸,-380.0,-7.3643410852713185
2017-03-21,4770,4780,4825,4675,73708,140520,대창스틸,-10.0,-0.20920502092050208
2017-03-22,4770,4770,4800,4705,41317,140520,대창스틸,0.0,0.0
2017-03-23,4630,4720,4760,4550,62103,140520,대창스틸,-140.0,-2.9350104821802936
2017-03-24,4615,4675,4700,4560,44956,140520,대창스틸,-15.0,-0.32397408207343414
2017-03-27,4515,4560,4630,4465,57059,140520,대창스틸,-100.0,-2.1668472372697725
2017-03-28,4515,4555,4555,4480,36705,140520,대창스틸,0.0,0.0
2017-03-29,4565,4550,4565,4460,23495,140520,대창스틸,50.0,1.1074197120708749
2017-03-30,4740,4585,4750,4580,62162,140520,대창스틸,175.0,3.8335158817086525
2017-03-31,6160,4940,6160,4915,3568588,140520,대창스틸,1420.0,29.957805907172997
2017-04-03,6160,6160,6400,6030,2684148,140520,대창스틸,0.0,0.0
2017-04-04,5680,6170,6170,5680,775000,140520,대창스틸,-480.0,-7.792207792207792
2017-04-05,5770,5620,5890,5580,474607,140520,대창스틸,90.0,1.584507042253521
2017-04-06,5500,5830,5840,5400,436008,140520,대창스틸,-270.0,-4.679376083188909
2017-04-07,5380,5500,5540,5260,298511,140520,대창스틸,-120.0,-2.181818181818182
2017-04-10,5250,5460,5500,5180,297688,140520,대창스틸,-130.0,-2.41635687732342
2017-04-11,5180,5270,5350,4950,251693,140520,대창스틸,-70.0,-1.3333333333333335
2017-04-12,5160,5180,5230,5050,88354,140520,대창스틸,-20.0,-0.3861003861003861
2017-04-13,5070,5100,5220,4970,191880,140520,대창스틸,-90.0,-1.744186046511628
2017-04-14,4860,5110,5110,4860,152519,140520,대창스틸,-210.0,-4.142011834319527
2017-04-17,4945,4865,5030,4865,85446,140520,대창스틸,85.0,1.7489711934156378
2017-04-18,5120,4945,5140,4945,133692,140520,대창스틸,175.0,3.5389282103134483
2017-04-19,5000,5150,5150,5000,78861,140520,대창스틸,-120.0,-2.34375
2017-04-20,4870,5070,5070,4860,78383,140520,대창스틸,-130.0,-2.6
2017-04-21,4935,4930,4960,4830,35023,140520,대창스틸,65.0,1.3347022587268993
2017-04-24,4940,4955,5050,4925,88879,140520,대창스틸,5.0,0.10131712259371835
2017-04-25,5030,4970,5040,4960,47703,140520,대창스틸,90.0,1.8218623481781375
2017-04-26,5040,5090,5090,4970,55431,140520,대창스틸,10.0,0.19880715705765406
2017-04-27,5080,5090,5400,4980,384108,140520,대창스틸,40.0,0.7936507936507936
2017-04-28,4980,5080,5130,4940,70538,140520,대창스틸,-100.0,-1.968503937007874
2017-05-02,4900,5070,5070,4855,57550,140520,대창스틸,-80.0,-1.6064257028112447
2017-05-04,4920,4815,4930,4625,91071,140520,대창스틸,20.0,0.40816326530612246
2017-05-08,4940,4920,4965,4855,55873,140520,대창스틸,20.0,0.40650406504065045
2017-05-10,5050,4940,5050,4925,97810,140520,대창스틸,110.0,2.2267206477732793
2017-05-11,5070,5050,5120,4955,55230,140520,대창스틸,20.0,0.39603960396039606
2017-05-12,5020,5100,5100,4980,58904,140520,대창스틸,-50.0,-0.9861932938856016
2017-05-15,5020,5000,5140,4985,41143,140520,대창스틸,0.0,0.0
2017-05-16,5240,5040,5240,4990,103787,140520,대창스틸,220.0,4.382470119521913
2017-05-17,5160,5180,5220,5120,92141,140520,대창스틸,-80.0,-1.5267175572519083
2017-05-18,5220,5160,5260,5120,116584,140520,대창스틸,60.0,1.1627906976744187
2017-05-19,5290,5180,5290,5170,273802,140520,대창스틸,70.0,1.3409961685823755
2017-05-22,5320,5540,5640,5320,1187887,140520,대창스틸,30.0,0.5671077504725899
2017-05-23,5250,5330,5350,5170,96387,140520,대창스틸,-70.0,-1.3157894736842104
2017-05-24,5120,5300,5310,5100,78373,140520,대창스틸,-130.0,-2.4761904761904763
2017-05-25,5170,5120,5290,5120,56036,140520,대창스틸,50.0,0.9765625
2017-05-26,5080,5200,5200,5070,50374,140520,대창스틸,-90.0,-1.7408123791102514
2017-05-29,4935,5080,5090,4930,87930,140520,대창스틸,-145.0,-2.8543307086614176
2017-05-30,5090,5020,5140,4930,93740,140520,대창스틸,155.0,3.1408308004052685
2017-05-31,5030,5090,5090,4985,30018,140520,대창스틸,-60.0,-1.1787819253438114
2017-06-01,5050,5120,5160,5020,32825,140520,대창스틸,20.0,0.3976143141153081
2017-06-02,5010,5040,5130,5010,28455,140520,대창스틸,-40.0,-0.7920792079207921
2017-06-05,4985,4985,5060,4970,36915,140520,대창스틸,-25.0,-0.499001996007984
2017-06-07,4975,5010,5010,4960,26298,140520,대창스틸,-10.0,-0.20060180541624875
2017-06-08,4910,4980,5030,4910,67352,140520,대창스틸,-65.0,-1.306532663316583
2017-06-09,4870,4865,4950,4800,84517,140520,대창스틸,-40.0,-0.8146639511201629
2017-06-12,4875,4900,4935,4865,26924,140520,대창스틸,5.0,0.10266940451745381
2017-06-13,5010,4900,5030,4875,54921,140520,대창스틸,135.0,2.769230769230769
2017-06-14,5050,5010,5070,4960,45327,140520,대창스틸,40.0,0.7984031936127743
2017-06-15,4970,5040,5050,4965,31849,140520,대창스틸,-80.0,-1.5841584158415842
2017-06-16,4960,5030,5030,4910,26419,140520,대창스틸,-10.0,-0.2012072434607646
2017-06-19,4955,4960,5030,4935,17979,140520,대창스틸,-5.0,-0.10080645161290322
2017-06-20,4840,4955,5000,4800,46300,140520,대창스틸,-115.0,-2.320887991927346
2017-06-21,4815,4845,4850,4785,28903,140520,대창스틸,-25.0,-0.5165289256198348
2017-06-22,4815,4830,4850,4750,38754,140520,대창스틸,0.0,0.0
2017-06-23,4790,4770,4810,4770,29241,140520,대창스틸,-25.0,-0.5192107995846313
2017-06-26,4765,4755,4840,4755,18859,140520,대창스틸,-25.0,-0.5219206680584552
2017-06-27,4765,4740,5620,4650,3047025,140520,대창스틸,0.0,0.0
2017-06-28,4725,4815,4830,4690,385175,140520,대창스틸,-40.0,-0.8394543546694648
2017-06-29,4545,4695,4755,4520,335338,140520,대창스틸,-180.0,-3.8095238095238098
2017-06-30,4530,4490,4590,4490,69816,140520,대창스틸,-15.0,-0.33003300330033003
2017-07-03,4530,4575,4575,4510,74358,140520,대창스틸,0.0,0.0
2017-07-04,4055,4240,4430,4005,456132,140520,대창스틸,-475.0,-10.485651214128035
2017-07-05,4095,4025,4280,4025,264411,140520,대창스틸,40.0,0.9864364981504316
2017-07-06,4065,4095,4120,4065,69576,140520,대창스틸,-30.0,-0.7326007326007326
